time.time(), c1pp, vset
1727688283.9771507, 1.235E+00, 59
1727688284.0819716, 1.230E+00, 59
1727688284.1890128, 1.240E+00, 59
1727688284.291009, 1.237E+00, 59
1727688284.3950276, 1.225E+00, 59
1727688284.4998186, 1.224E+00, 59
1727688284.6031647, 1.229E+00, 59
1727688284.7066727, 1.225E+00, 59
1727688284.8148563, 1.241E+00, 59
1727688284.9200094, 1.236E+00, 59
1727688286.02695, 1.232E+00, 60
1727688286.1311946, 1.230E+00, 60
1727688286.2355824, 1.255E+00, 60
1727688286.3388586, 1.251E+00, 60
1727688286.4417984, 1.260E+00, 60
1727688286.5462265, 1.249E+00, 60
1727688286.650349, 1.254E+00, 60
1727688286.7530725, 1.252E+00, 60
1727688286.8559163, 1.258E+00, 60
1727688286.9641569, 1.250E+00, 60
1727688288.0696824, 1.261E+00, 61
1727688288.174332, 1.240E+00, 61
1727688288.2788274, 1.272E+00, 61
1727688288.381986, 1.262E+00, 61
1727688288.4846404, 1.265E+00, 61
1727688288.5890758, 1.281E+00, 61
1727688288.6932044, 1.269E+00, 61
1727688288.7981384, 1.268E+00, 61
1727688288.9052744, 1.263E+00, 61
1727688289.0080204, 1.270E+00, 61
1727688290.1162095, 1.276E+00, 62
1727688290.219956, 1.290E+00, 62
1727688290.322986, 1.289E+00, 62
1727688290.4272866, 1.285E+00, 62
1727688290.5307088, 1.292E+00, 62
1727688290.6358252, 1.290E+00, 62
1727688290.7407215, 1.281E+00, 62
1727688290.845168, 1.289E+00, 62
1727688290.9484534, 1.292E+00, 62
1727688291.0515044, 1.292E+00, 62
1727688292.1575978, 1.289E+00, 63
1727688292.260412, 1.285E+00, 63
1727688292.3667831, 1.305E+00, 63
1727688292.4689553, 1.304E+00, 63
1727688292.5707526, 1.297E+00, 63
1727688292.6735263, 1.311E+00, 63
1727688292.776633, 1.302E+00, 63
1727688292.8794427, 1.311E+00, 63
1727688292.9835944, 1.317E+00, 63
1727688293.089908, 1.302E+00, 63
1727688294.1972039, 1.303E+00, 64
1727688294.2997193, 1.305E+00, 64
1727688294.4023583, 1.330E+00, 64
1727688294.5057604, 1.323E+00, 64
1727688294.6088676, 1.328E+00, 64
1727688294.713955, 1.329E+00, 64
1727688294.8171673, 1.332E+00, 64
1727688294.9197721, 1.331E+00, 64
1727688295.0231478, 1.324E+00, 64
1727688295.1262407, 1.327E+00, 64
1727688296.231549, 1.329E+00, 65
1727688296.3362525, 1.335E+00, 65
1727688296.4397314, 1.343E+00, 65
1727688296.542319, 1.347E+00, 65
1727688296.6520588, 1.344E+00, 65
1727688296.756164, 1.336E+00, 65
1727688296.860601, 1.347E+00, 65
1727688296.9637907, 1.348E+00, 65
1727688297.0680082, 1.352E+00, 65
1727688297.1739542, 1.354E+00, 65
1727688298.281989, 1.349E+00, 66
1727688298.386206, 1.363E+00, 66
1727688298.4899652, 1.362E+00, 66
1727688298.594901, 1.360E+00, 66
1727688298.6988869, 1.364E+00, 66
1727688298.80415, 1.363E+00, 66
1727688298.9065907, 1.365E+00, 66
1727688299.0122104, 1.369E+00, 66
1727688299.1177974, 1.369E+00, 66
1727688299.2207108, 1.356E+00, 66
1727688300.328739, 1.374E+00, 67
1727688300.4303825, 1.371E+00, 67
1727688300.5344718, 1.394E+00, 67
1727688300.637472, 1.384E+00, 67
1727688300.739771, 1.385E+00, 67
1727688300.8435044, 1.388E+00, 67
1727688300.948529, 1.384E+00, 67
1727688301.0521817, 1.383E+00, 67
1727688301.1569786, 1.388E+00, 67
1727688301.2596347, 1.378E+00, 67
1727688302.3666162, 1.391E+00, 68
1727688302.4695969, 1.407E+00, 68
1727688302.5728083, 1.412E+00, 68
1727688302.676167, 1.405E+00, 68
1727688302.7802496, 1.402E+00, 68
1727688302.8864677, 1.407E+00, 68
1727688302.990935, 1.408E+00, 68
1727688303.0956433, 1.403E+00, 68
1727688303.198316, 1.399E+00, 68
1727688303.3041182, 1.397E+00, 68
1727688304.411026, 1.401E+00, 69
1727688304.515091, 1.410E+00, 69
1727688304.6206317, 1.417E+00, 69
1727688304.7295284, 1.422E+00, 69
1727688304.8348134, 1.425E+00, 69
1727688304.9382143, 1.419E+00, 69
1727688305.04301, 1.435E+00, 69
1727688305.1486537, 1.429E+00, 69
1727688305.2574732, 1.423E+00, 69
1727688305.359402, 1.421E+00, 69
1727688306.4676132, 1.419E+00, 70
1727688306.5714912, 1.424E+00, 70
1727688306.6738293, 1.441E+00, 70
1727688306.7794652, 1.441E+00, 70
1727688306.884021, 1.451E+00, 70
1727688306.9872787, 1.443E+00, 70
1727688307.0937023, 1.438E+00, 70
1727688307.2015748, 1.438E+00, 70
1727688307.3057356, 1.431E+00, 70
1727688307.4097571, 1.438E+00, 70
1727688308.5174558, 1.451E+00, 71
1727688308.622454, 1.445E+00, 71
1727688308.7250648, 1.457E+00, 71
1727688308.8306112, 1.462E+00, 71
1727688308.934386, 1.468E+00, 71
1727688309.0380104, 1.465E+00, 71
1727688309.1405723, 1.465E+00, 71
1727688309.2454624, 1.468E+00, 71
1727688309.3494391, 1.469E+00, 71
1727688309.4531114, 1.449E+00, 71
1727688310.5591629, 1.476E+00, 72
1727688310.6653988, 1.461E+00, 72
1727688310.7703137, 1.475E+00, 72
1727688310.8743281, 1.484E+00, 72
1727688310.9785843, 1.485E+00, 72
1727688311.0836973, 1.483E+00, 72
1727688311.1902478, 1.475E+00, 72
1727688311.2970934, 1.479E+00, 72
1727688311.4029005, 1.488E+00, 72
1727688311.5065513, 1.474E+00, 72
1727688312.6174397, 1.479E+00, 73
1727688312.7223547, 1.495E+00, 73
1727688312.8257513, 1.509E+00, 73
1727688312.9287791, 1.501E+00, 73
1727688313.033636, 1.516E+00, 73
1727688313.1376333, 1.503E+00, 73
1727688313.2412279, 1.510E+00, 73
1727688313.344582, 1.496E+00, 73
1727688313.4486074, 1.498E+00, 73
1727688313.552682, 1.497E+00, 73
1727688314.6595335, 1.502E+00, 74
1727688314.7631485, 1.492E+00, 74
1727688314.8665664, 1.525E+00, 74
1727688314.9704647, 1.517E+00, 74
1727688315.0753698, 1.517E+00, 74
1727688315.1793685, 1.517E+00, 74
1727688315.2852695, 1.524E+00, 74
1727688315.3905208, 1.523E+00, 74
1727688315.4928496, 1.519E+00, 74
1727688315.5981033, 1.514E+00, 74
1727688316.7018, 1.525E+00, 75
1727688316.8064785, 1.526E+00, 75
1727688316.9116027, 1.542E+00, 75
1727688317.0149298, 1.535E+00, 75
1727688317.1188402, 1.532E+00, 75
1727688317.222107, 1.536E+00, 75
1727688317.3291028, 1.541E+00, 75
1727688317.4326558, 1.543E+00, 75
1727688317.5364625, 1.536E+00, 75
1727688317.6426942, 1.542E+00, 75
1727688318.7490683, 1.535E+00, 76
1727688318.8528624, 1.539E+00, 76
1727688318.957429, 1.556E+00, 76
1727688319.0620809, 1.557E+00, 76
1727688319.1656256, 1.555E+00, 76
1727688319.2724485, 1.563E+00, 76
1727688319.381896, 1.554E+00, 76
1727688319.4875574, 1.544E+00, 76
1727688319.5942173, 1.562E+00, 76
1727688319.698884, 1.561E+00, 76
1727688320.8033462, 1.558E+00, 77
1727688320.9078877, 1.592E+00, 77
1727688321.0147104, 1.575E+00, 77
1727688321.1198537, 1.582E+00, 77
1727688321.2249265, 1.571E+00, 77
1727688321.3281236, 1.579E+00, 77
1727688321.433255, 1.578E+00, 77
1727688321.5377202, 1.575E+00, 77
1727688321.6450078, 1.572E+00, 77
1727688321.7489288, 1.582E+00, 77
1727688322.856208, 1.576E+00, 78
1727688322.9603953, 1.572E+00, 78
1727688323.0653722, 1.597E+00, 78
1727688323.1685185, 1.588E+00, 78
1727688323.2725673, 1.597E+00, 78
1727688323.379554, 1.604E+00, 78
1727688323.4833515, 1.599E+00, 78
1727688323.587564, 1.610E+00, 78
1727688323.691546, 1.595E+00, 78
1727688323.8001842, 1.594E+00, 78
1727688324.9063535, 1.589E+00, 79
1727688325.010405, 1.606E+00, 79
1727688325.1135323, 1.616E+00, 79
1727688325.2176678, 1.615E+00, 79
1727688325.320715, 1.612E+00, 79
1727688325.423963, 1.623E+00, 79
1727688325.527628, 1.614E+00, 79
1727688325.632943, 1.611E+00, 79
1727688325.7376628, 1.610E+00, 79
1727688325.8436198, 1.612E+00, 79
1727688326.9527454, 1.616E+00, 80
1727688327.0589738, 1.626E+00, 80
1727688327.1612265, 1.636E+00, 80
1727688327.2662559, 1.643E+00, 80
1727688327.3729398, 1.628E+00, 80
1727688327.4796553, 1.636E+00, 80
1727688327.585371, 1.634E+00, 80
1727688327.6881258, 1.635E+00, 80
1727688327.7918458, 1.632E+00, 80
1727688327.8975642, 1.635E+00, 80
1727688329.003312, 1.634E+00, 81
1727688329.105814, 1.636E+00, 81
1727688329.2113583, 1.656E+00, 81
1727688329.3143651, 1.653E+00, 81
1727688329.4194634, 1.652E+00, 81
1727688329.523068, 1.664E+00, 81
1727688329.6250794, 1.654E+00, 81
1727688329.7297666, 1.666E+00, 81
1727688329.8344882, 1.666E+00, 81
1727688329.9372113, 1.661E+00, 81
1727688331.0436752, 1.652E+00, 82
1727688331.1479535, 1.652E+00, 82
1727688331.2537127, 1.678E+00, 82
1727688331.3598876, 1.668E+00, 82
1727688331.463677, 1.689E+00, 82
1727688331.5686853, 1.668E+00, 82
1727688331.6727707, 1.675E+00, 82
1727688331.7755027, 1.681E+00, 82
1727688331.8792458, 1.676E+00, 82
1727688331.9839654, 1.677E+00, 82
1727688333.0881977, 1.675E+00, 83
1727688333.1937747, 1.688E+00, 83
1727688333.300092, 1.697E+00, 83
1727688333.4027917, 1.696E+00, 83
1727688333.5056894, 1.688E+00, 83
1727688333.6083906, 1.695E+00, 83
1727688333.7119818, 1.699E+00, 83
1727688333.8143287, 1.689E+00, 83
1727688333.9198754, 1.698E+00, 83
1727688334.023969, 1.701E+00, 83
1727688335.1275144, 1.692E+00, 84
1727688335.232226, 1.684E+00, 84
1727688335.3376505, 1.711E+00, 84
1727688335.4449327, 1.721E+00, 84
1727688335.5489154, 1.710E+00, 84
1727688335.6546328, 1.709E+00, 84
1727688335.7597368, 1.701E+00, 84
1727688335.8653457, 1.721E+00, 84
1727688335.969076, 1.713E+00, 84
1727688336.074102, 1.712E+00, 84
1727688337.180167, 1.709E+00, 85
1727688337.2837622, 1.715E+00, 85
1727688337.385836, 1.724E+00, 85
1727688337.4899626, 1.730E+00, 85
1727688337.5932877, 1.729E+00, 85
1727688337.6985667, 1.722E+00, 85
1727688337.8022459, 1.726E+00, 85
1727688337.9081144, 1.724E+00, 85
1727688338.0108523, 1.732E+00, 85
1727688338.1181548, 1.731E+00, 85
1727688339.2275224, 1.722E+00, 86
1727688339.332607, 1.746E+00, 86
1727688339.4382935, 1.746E+00, 86
1727688339.5430477, 1.765E+00, 86
1727688339.6487598, 1.749E+00, 86
1727688339.7524517, 1.742E+00, 86
1727688339.8571992, 1.748E+00, 86
1727688339.9637349, 1.750E+00, 86
1727688340.067849, 1.756E+00, 86
1727688340.173565, 1.745E+00, 86
1727688341.2807124, 1.746E+00, 87
1727688341.3848257, 1.761E+00, 87
1727688341.4905472, 1.775E+00, 87
1727688341.5942726, 1.759E+00, 87
1727688341.7003386, 1.764E+00, 87
1727688341.805281, 1.778E+00, 87
1727688341.9078074, 1.761E+00, 87
1727688342.011411, 1.765E+00, 87
1727688342.1151686, 1.772E+00, 87
1727688342.2174704, 1.769E+00, 87
1727688343.324126, 1.762E+00, 88
1727688343.4257352, 1.788E+00, 88
1727688343.531687, 1.781E+00, 88
1727688343.635953, 1.795E+00, 88
1727688343.7409363, 1.789E+00, 88
1727688343.8442051, 1.789E+00, 88
1727688343.9481113, 1.791E+00, 88
1727688344.0513425, 1.781E+00, 88
1727688344.1547465, 1.790E+00, 88
1727688344.2608135, 1.779E+00, 88
1727688345.368281, 1.792E+00, 89
1727688345.473411, 1.778E+00, 89
1727688345.5764961, 1.803E+00, 89
1727688345.6789207, 1.806E+00, 89
1727688345.7829385, 1.823E+00, 89
1727688345.8859227, 1.801E+00, 89
1727688345.9918394, 1.812E+00, 89
1727688346.0940406, 1.809E+00, 89
1727688346.1977565, 1.806E+00, 89
1727688346.3018146, 1.803E+00, 89
1727688347.4091833, 1.803E+00, 90
1727688347.513951, 1.808E+00, 90
1727688347.6160836, 1.835E+00, 90
1727688347.7211525, 1.818E+00, 90
1727688347.8256173, 1.825E+00, 90
1727688347.9331617, 1.819E+00, 90
1727688348.038256, 1.828E+00, 90
1727688348.1437025, 1.822E+00, 90
1727688348.2483215, 1.826E+00, 90
1727688348.3526711, 1.823E+00, 90
1727688349.460006, 1.823E+00, 91
1727688349.5647762, 1.849E+00, 91
1727688349.6690316, 1.859E+00, 91
1727688349.7726066, 1.860E+00, 91
1727688349.875146, 1.848E+00, 91
1727688349.9797294, 1.853E+00, 91
1727688350.0864227, 1.850E+00, 91
1727688350.189226, 1.853E+00, 91
1727688350.292175, 1.837E+00, 91
1727688350.3952203, 1.841E+00, 91
1727688351.5021203, 1.846E+00, 92
1727688351.6072125, 1.846E+00, 92
1727688351.7119317, 1.863E+00, 92
1727688351.819627, 1.869E+00, 92
1727688351.9233801, 1.869E+00, 92
1727688352.028069, 1.866E+00, 92
1727688352.1338148, 1.865E+00, 92
1727688352.239125, 1.860E+00, 92
1727688352.342203, 1.862E+00, 92
1727688352.4450686, 1.865E+00, 92
1727688353.5502586, 1.869E+00, 93
1727688353.6541727, 1.880E+00, 93
1727688353.7571213, 1.885E+00, 93
1727688353.8610258, 1.884E+00, 93
1727688353.9643545, 1.878E+00, 93
1727688354.0687213, 1.891E+00, 93
1727688354.173629, 1.895E+00, 93
1727688354.2787426, 1.879E+00, 93
1727688354.3833878, 1.882E+00, 93
1727688354.4895957, 1.882E+00, 93
1727688355.599168, 1.883E+00, 94
1727688355.701716, 1.896E+00, 94
1727688355.8072488, 1.902E+00, 94
1727688355.912967, 1.905E+00, 94
1727688356.01669, 1.903E+00, 94
1727688356.118385, 1.899E+00, 94
1727688356.2241304, 1.903E+00, 94
1727688356.3300912, 1.920E+00, 94
1727688356.43343, 1.920E+00, 94
1727688356.5390165, 1.903E+00, 94
1727688357.644043, 1.913E+00, 95
1727688357.74993, 1.916E+00, 95
1727688357.853213, 1.929E+00, 95
1727688357.9550264, 1.930E+00, 95
1727688358.058749, 1.930E+00, 95
1727688358.1624715, 1.919E+00, 95
1727688358.265642, 1.918E+00, 95
1727688358.370603, 1.924E+00, 95
1727688358.4743738, 1.929E+00, 95
1727688358.5770998, 1.922E+00, 95
1727688359.68508, 1.916E+00, 96
1727688359.7898378, 1.944E+00, 96
1727688359.899029, 1.937E+00, 96
1727688360.0042794, 1.939E+00, 96
1727688360.1094964, 1.948E+00, 96
1727688360.2129745, 1.939E+00, 96
1727688360.3163772, 1.937E+00, 96
1727688360.4201548, 1.943E+00, 96
1727688360.525746, 1.945E+00, 96
1727688360.6296782, 1.948E+00, 96
1727688361.7381427, 1.944E+00, 97
1727688361.8424232, 1.951E+00, 97
1727688361.949085, 1.965E+00, 97
1727688362.056107, 1.957E+00, 97
1727688362.1614006, 1.955E+00, 97
1727688362.2643108, 1.957E+00, 97
1727688362.3694592, 1.963E+00, 97
1727688362.47447, 1.959E+00, 97
1727688362.5791378, 1.962E+00, 97
1727688362.6839705, 1.965E+00, 97
1727688363.7905362, 1.959E+00, 98
1727688363.8956618, 1.958E+00, 98
1727688363.998985, 1.980E+00, 98
1727688364.1012275, 1.977E+00, 98
1727688364.205692, 1.980E+00, 98
1727688364.3091228, 1.977E+00, 98
1727688364.4119525, 1.982E+00, 98
1727688364.5154715, 1.975E+00, 98
1727688364.6193385, 1.984E+00, 98
1727688364.7234418, 1.975E+00, 98
1727688365.8295722, 1.978E+00, 99
1727688365.9337811, 1.996E+00, 99
1727688366.038951, 1.997E+00, 99
1727688366.142174, 1.993E+00, 99
1727688366.244576, 1.992E+00, 99
1727688366.3491662, 2.009E+00, 99
1727688366.452928, 2.004E+00, 99
1727688366.5564697, 2.003E+00, 99
1727688366.6605546, 1.998E+00, 99
1727688366.7641344, 2.003E+00, 99
1727688367.876505, 2.003E+00, 100
1727688367.982045, 2.023E+00, 100
1727688368.0850883, 2.027E+00, 100
1727688368.1938708, 2.019E+00, 100
1727688368.299226, 2.015E+00, 100
1727688368.404672, 2.018E+00, 100
1727688368.512189, 2.020E+00, 100
1727688368.6159625, 2.009E+00, 100
1727688368.7203255, 2.028E+00, 100
1727688368.8289657, 2.018E+00, 100
1727688369.9354599, 2.012E+00, 101
1727688370.039594, 2.013E+00, 101
1727688370.1443417, 2.032E+00, 101
1727688370.2493255, 2.040E+00, 101
1727688370.3551073, 2.046E+00, 101
1727688370.4597445, 2.042E+00, 101
1727688370.5622284, 2.047E+00, 101
1727688370.6654785, 2.036E+00, 101
1727688370.7699218, 2.035E+00, 101
1727688370.874797, 2.032E+00, 101
1727688371.9817362, 2.032E+00, 102
1727688372.0838127, 2.035E+00, 102
1727688372.189521, 2.030E+00, 102
1727688372.2942412, 2.055E+00, 102
1727688372.4002316, 2.052E+00, 102
1727688372.5036223, 2.063E+00, 102
1727688372.6080425, 2.056E+00, 102
1727688372.713898, 2.071E+00, 102
1727688372.8174129, 2.055E+00, 102
1727688372.924536, 2.063E+00, 102
1727688374.0302844, 2.053E+00, 103
1727688374.133096, 2.063E+00, 103
1727688374.2365742, 2.073E+00, 103
1727688374.3404794, 2.080E+00, 103
1727688374.444001, 2.082E+00, 103
1727688374.5470476, 2.073E+00, 103
1727688374.6499176, 2.071E+00, 103
1727688374.7536602, 2.078E+00, 103
1727688374.8585994, 2.071E+00, 103
1727688374.9620595, 2.071E+00, 103
1727688376.0703764, 2.080E+00, 104
1727688376.1749678, 2.073E+00, 104
1727688376.2804964, 2.084E+00, 104
1727688376.3838882, 2.091E+00, 104
1727688376.4882526, 2.095E+00, 104
1727688376.5910568, 2.090E+00, 104
1727688376.6957657, 2.104E+00, 104
1727688376.7987292, 2.086E+00, 104
1727688376.902077, 2.096E+00, 104
1727688377.0064156, 2.087E+00, 104
1727688378.1157274, 2.087E+00, 105
1727688378.22071, 2.087E+00, 105
1727688378.3234675, 2.116E+00, 105
1727688378.4274037, 2.117E+00, 105
1727688378.5307982, 2.119E+00, 105
1727688378.634633, 2.117E+00, 105
1727688378.7386053, 2.120E+00, 105
1727688378.8431048, 2.117E+00, 105
1727688378.947205, 2.112E+00, 105
1727688379.052572, 2.111E+00, 105
1727688380.1611671, 2.112E+00, 106
1727688380.2692702, 2.116E+00, 106
1727688380.3762982, 2.140E+00, 106
1727688380.4843528, 2.127E+00, 106
1727688380.587584, 2.136E+00, 106
1727688380.690263, 2.144E+00, 106
1727688380.794657, 2.132E+00, 106
1727688380.9029453, 2.137E+00, 106
1727688381.00752, 2.140E+00, 106
1727688381.1184013, 2.132E+00, 106
1727688382.2220218, 2.143E+00, 107
1727688382.32692, 2.133E+00, 107
1727688382.4311695, 2.155E+00, 107
1727688382.5368164, 2.152E+00, 107
1727688382.6393483, 2.152E+00, 107
1727688382.742146, 2.152E+00, 107
1727688382.8475697, 2.146E+00, 107
1727688382.95296, 2.156E+00, 107
1727688383.0564456, 2.152E+00, 107
1727688383.1620536, 2.159E+00, 107
1727688384.2687929, 2.144E+00, 108
1727688384.3716805, 2.146E+00, 108
1727688384.4740357, 2.172E+00, 108
1727688384.5764043, 2.169E+00, 108
1727688384.6795452, 2.172E+00, 108
1727688384.7832677, 2.167E+00, 108
1727688384.8881147, 2.172E+00, 108
1727688384.9932086, 2.170E+00, 108
1727688385.0970337, 2.170E+00, 108
1727688385.203307, 2.172E+00, 108
1727688386.3097138, 2.176E+00, 109
1727688386.4149392, 2.191E+00, 109
1727688386.5175798, 2.191E+00, 109
1727688386.6194615, 2.199E+00, 109
1727688386.7257326, 2.189E+00, 109
1727688386.8292897, 2.192E+00, 109
1727688386.9345858, 2.192E+00, 109
1727688387.0401626, 2.199E+00, 109
1727688387.1426651, 2.189E+00, 109
1727688387.2522557, 2.185E+00, 109
1727688388.3603878, 2.180E+00, 110
1727688388.4642317, 2.215E+00, 110
1727688388.5693297, 2.210E+00, 110
1727688388.6740503, 2.211E+00, 110
1727688388.7781224, 2.203E+00, 110
1727688388.882796, 2.207E+00, 110
1727688388.985319, 2.213E+00, 110
1727688389.0911868, 2.205E+00, 110
1727688389.196347, 2.206E+00, 110
1727688389.29894, 2.200E+00, 110
1727688390.4089172, 2.213E+00, 111
1727688390.51183, 2.237E+00, 111
1727688390.614544, 2.237E+00, 111
1727688390.716651, 2.226E+00, 111
1727688390.8200471, 2.233E+00, 111
1727688390.9246612, 2.231E+00, 111
1727688391.030875, 2.226E+00, 111
1727688391.1361127, 2.226E+00, 111
1727688391.23865, 2.222E+00, 111
1727688391.34207, 2.227E+00, 111
1727688392.4467905, 2.247E+00, 112
1727688392.551127, 2.239E+00, 112
1727688392.6560726, 2.245E+00, 112
1727688392.7605655, 2.257E+00, 112
1727688392.8630254, 2.246E+00, 112
1727688392.9677434, 2.263E+00, 112
1727688393.0724633, 2.243E+00, 112
1727688393.177183, 2.245E+00, 112
1727688393.2790523, 2.262E+00, 112
1727688393.3829157, 2.244E+00, 112
1727688394.4908147, 2.244E+00, 113
1727688394.5960138, 2.269E+00, 113
1727688394.7020307, 2.276E+00, 113
1727688394.8065388, 2.272E+00, 113
1727688394.9147518, 2.269E+00, 113
1727688395.0202503, 2.270E+00, 113
1727688395.1241708, 2.266E+00, 113
1727688395.2278345, 2.280E+00, 113
1727688395.332882, 2.264E+00, 113
1727688395.4372847, 2.270E+00, 113
1727688396.5436883, 2.267E+00, 114
1727688396.6503673, 2.262E+00, 114
1727688396.7570698, 2.290E+00, 114
1727688396.863272, 2.280E+00, 114
1727688396.9667425, 2.289E+00, 114
1727688397.069823, 2.293E+00, 114
1727688397.176485, 2.293E+00, 114
1727688397.2788396, 2.285E+00, 114
1727688397.383163, 2.281E+00, 114
1727688397.487053, 2.283E+00, 114
1727688398.5941453, 2.279E+00, 115
1727688398.6980991, 2.290E+00, 115
1727688398.8038108, 2.305E+00, 115
1727688398.9084883, 2.304E+00, 115
1727688399.010849, 2.305E+00, 115
1727688399.1169376, 2.314E+00, 115
1727688399.2214048, 2.302E+00, 115
1727688399.3246796, 2.314E+00, 115
1727688399.427946, 2.312E+00, 115
1727688399.5338311, 2.297E+00, 115
1727688400.6400323, 2.310E+00, 116
1727688400.745813, 2.305E+00, 116
1727688400.8504374, 2.336E+00, 116
1727688400.953755, 2.323E+00, 116
1727688401.0566888, 2.331E+00, 116
1727688401.1596196, 2.324E+00, 116
1727688401.263342, 2.324E+00, 116
1727688401.367989, 2.320E+00, 116
1727688401.4722211, 2.330E+00, 116
1727688401.5752785, 2.325E+00, 116
1727688402.6811895, 2.320E+00, 117
1727688402.7836015, 2.323E+00, 117
1727688402.888322, 2.342E+00, 117
1727688402.991838, 2.343E+00, 117
1727688403.094264, 2.349E+00, 117
1727688403.1994724, 2.344E+00, 117
1727688403.3037488, 2.346E+00, 117
1727688403.409137, 2.347E+00, 117
1727688403.513361, 2.346E+00, 117
1727688403.617975, 2.339E+00, 117
1727688404.7260582, 2.340E+00, 118
1727688404.8298905, 2.356E+00, 118
1727688404.9326472, 2.356E+00, 118
1727688405.0382924, 2.363E+00, 118
1727688405.144159, 2.358E+00, 118
1727688405.2468002, 2.365E+00, 118
1727688405.3522372, 2.359E+00, 118
1727688405.4564009, 2.357E+00, 118
1727688405.565041, 2.356E+00, 118
1727688405.6703832, 2.364E+00, 118
1727688406.7778814, 2.352E+00, 119
1727688406.8817298, 2.365E+00, 119
1727688406.9867516, 2.382E+00, 119
1727688407.090285, 2.389E+00, 119
1727688407.195206, 2.382E+00, 119
1727688407.3009923, 2.389E+00, 119
1727688407.4104521, 2.376E+00, 119
1727688407.5137343, 2.389E+00, 119
1727688407.6196442, 2.394E+00, 119
1727688407.7233603, 2.380E+00, 119
1727688408.8295364, 2.390E+00, 120
1727688408.936645, 2.398E+00, 120
1727688409.0415869, 2.409E+00, 120
1727688409.1447244, 2.403E+00, 120
1727688409.2475905, 2.410E+00, 120
1727688409.3502681, 2.404E+00, 120
1727688409.453626, 2.394E+00, 120
1727688409.5581725, 2.413E+00, 120
1727688409.6624665, 2.407E+00, 120
1727688409.7693806, 2.399E+00, 120
1727688410.8750944, 2.403E+00, 121
1727688410.980457, 2.394E+00, 121
1727688411.084513, 2.425E+00, 121
1727688411.189082, 2.417E+00, 121
1727688411.292779, 2.419E+00, 121
1727688411.3970404, 2.421E+00, 121
1727688411.4999285, 2.421E+00, 121
1727688411.6048856, 2.423E+00, 121
1727688411.708574, 2.413E+00, 121
1727688411.8148355, 2.414E+00, 121
1727688412.9222305, 2.425E+00, 122
1727688413.024712, 2.429E+00, 122
1727688413.1276815, 2.446E+00, 122
1727688413.233718, 2.440E+00, 122
1727688413.337408, 2.438E+00, 122
1727688413.4416146, 2.439E+00, 122
1727688413.5468395, 2.436E+00, 122
1727688413.6528802, 2.438E+00, 122
1727688413.757709, 2.437E+00, 122
1727688413.8612874, 2.432E+00, 122
1727688414.9650104, 2.443E+00, 123
1727688415.0706162, 2.439E+00, 123
1727688415.1756277, 2.449E+00, 123
1727688415.2829754, 2.460E+00, 123
1727688415.3869367, 2.461E+00, 123
1727688415.4926274, 2.458E+00, 123
1727688415.597435, 2.458E+00, 123
1727688415.7033765, 2.464E+00, 123
1727688415.8050728, 2.456E+00, 123
1727688415.9109328, 2.465E+00, 123
1727688417.0168834, 2.459E+00, 124
1727688417.123986, 2.452E+00, 124
1727688417.230076, 2.477E+00, 124
1727688417.3337018, 2.476E+00, 124
1727688417.437695, 2.493E+00, 124
1727688417.540577, 2.478E+00, 124
1727688417.645845, 2.474E+00, 124
1727688417.7497663, 2.473E+00, 124
1727688417.8551884, 2.470E+00, 124
1727688417.9587703, 2.478E+00, 124
1727688419.0717237, 2.474E+00, 125
1727688419.1750348, 2.476E+00, 125
1727688419.2791016, 2.491E+00, 125
1727688419.3849306, 2.506E+00, 125
1727688419.4887059, 2.490E+00, 125
1727688419.5917072, 2.503E+00, 125
1727688419.6984046, 2.497E+00, 125
1727688419.801286, 2.485E+00, 125
1727688419.9080307, 2.496E+00, 125
1727688420.012963, 2.494E+00, 125
1727688421.1222942, 2.492E+00, 126
1727688421.2253106, 2.523E+00, 126
1727688421.33065, 2.526E+00, 126
1727688421.433864, 2.519E+00, 126
1727688421.5367076, 2.512E+00, 126
1727688421.6402674, 2.536E+00, 126
1727688421.743498, 2.517E+00, 126
1727688421.8460903, 2.517E+00, 126
1727688421.9494467, 2.512E+00, 126
1727688422.0548775, 2.520E+00, 126
1727688423.1624415, 2.514E+00, 127
1727688423.2684288, 2.520E+00, 127
1727688423.374027, 2.527E+00, 127
1727688423.4786208, 2.531E+00, 127
1727688423.5845742, 2.533E+00, 127
1727688423.6884496, 2.528E+00, 127
1727688423.7924514, 2.537E+00, 127
1727688423.8947237, 2.552E+00, 127
1727688423.9980495, 2.534E+00, 127
1727688424.1010482, 2.548E+00, 127
1727688425.2103086, 2.530E+00, 128
1727688425.3131378, 2.565E+00, 128
1727688425.417275, 2.560E+00, 128
1727688425.5210996, 2.551E+00, 128
1727688425.6247833, 2.547E+00, 128
1727688425.7309155, 2.558E+00, 128
1727688425.8337512, 2.559E+00, 128
1727688425.937483, 2.550E+00, 128
1727688426.0420597, 2.560E+00, 128
1727688426.147819, 2.564E+00, 128
1727688427.2551885, 2.560E+00, 129
1727688427.359128, 2.581E+00, 129
1727688427.46442, 2.570E+00, 129
1727688427.5678995, 2.569E+00, 129
1727688427.6710138, 2.573E+00, 129
1727688427.7734263, 2.577E+00, 129
1727688427.8825152, 2.577E+00, 129
1727688427.9882555, 2.583E+00, 129
1727688428.0950668, 2.559E+00, 129
1727688428.1992266, 2.584E+00, 129
1727688429.3081105, 2.574E+00, 130
1727688429.4137504, 2.568E+00, 130
1727688429.5168173, 2.591E+00, 130
1727688429.621076, 2.590E+00, 130
1727688429.7239072, 2.597E+00, 130
1727688429.8298721, 2.600E+00, 130
1727688429.9344308, 2.597E+00, 130
1727688430.0380995, 2.600E+00, 130
1727688430.1407628, 2.583E+00, 130
1727688430.2465973, 2.585E+00, 130
1727688431.358318, 2.593E+00, 131
1727688431.465759, 2.612E+00, 131
1727688431.5687785, 2.623E+00, 131
1727688431.672338, 2.621E+00, 131
1727688431.776246, 2.613E+00, 131
1727688431.8786993, 2.623E+00, 131
1727688431.9843307, 2.612E+00, 131
1727688432.0885031, 2.616E+00, 131
1727688432.1932583, 2.616E+00, 131
1727688432.2981153, 2.607E+00, 131
1727688433.4074433, 2.617E+00, 132
1727688433.5143273, 2.630E+00, 132
1727688433.6185865, 2.634E+00, 132
1727688433.722088, 2.624E+00, 132
1727688433.8253362, 2.640E+00, 132
1727688433.9275866, 2.623E+00, 132
1727688434.035749, 2.628E+00, 132
1727688434.1414862, 2.639E+00, 132
1727688434.2708375, 2.637E+00, 132
1727688434.3762844, 2.627E+00, 132
1727688435.4843862, 2.628E+00, 133
1727688435.5886369, 2.638E+00, 133
1727688435.692467, 2.652E+00, 133
1727688435.7999895, 2.645E+00, 133
1727688435.9022305, 2.663E+00, 133
1727688436.006626, 2.655E+00, 133
1727688436.113269, 2.654E+00, 133
1727688436.2149668, 2.643E+00, 133
1727688436.3204503, 2.651E+00, 133
1727688436.424612, 2.658E+00, 133
1727688437.5316794, 2.650E+00, 134
1727688437.6376557, 2.666E+00, 134
1727688437.7436395, 2.673E+00, 134
1727688437.8475904, 2.675E+00, 134
1727688437.9511127, 2.670E+00, 134
1727688438.0535505, 2.680E+00, 134
1727688438.158171, 2.670E+00, 134
1727688438.2607634, 2.675E+00, 134
1727688438.365973, 2.688E+00, 134
1727688438.4693923, 2.670E+00, 134
1727688439.5717306, 2.670E+00, 135
1727688439.6766567, 2.674E+00, 135
1727688439.7813346, 2.687E+00, 135
1727688439.8885853, 2.701E+00, 135
1727688439.9922216, 2.690E+00, 135
1727688440.0983481, 2.687E+00, 135
1727688440.2009857, 2.683E+00, 135
1727688440.3060918, 2.683E+00, 135
1727688440.41068, 2.685E+00, 135
1727688440.5151672, 2.691E+00, 135
1727688441.619694, 2.691E+00, 136
1727688441.7252307, 2.708E+00, 136
1727688441.8320727, 2.710E+00, 136
1727688441.9369833, 2.708E+00, 136
1727688442.042526, 2.713E+00, 136
1727688442.1471217, 2.708E+00, 136
1727688442.2509196, 2.704E+00, 136
1727688442.35467, 2.704E+00, 136
1727688442.457654, 2.703E+00, 136
1727688442.5599587, 2.700E+00, 136
1727688443.6652513, 2.708E+00, 137
1727688443.7686114, 2.720E+00, 137
1727688443.8718731, 2.726E+00, 137
1727688443.976164, 2.725E+00, 137
1727688444.0788593, 2.725E+00, 137
1727688444.185264, 2.724E+00, 137
1727688444.2929373, 2.739E+00, 137
1727688444.395666, 2.731E+00, 137
1727688444.5000362, 2.731E+00, 137
1727688444.6025891, 2.723E+00, 137
1727688445.707975, 2.726E+00, 138
1727688445.8128498, 2.741E+00, 138
1727688445.9179635, 2.745E+00, 138
1727688446.0227408, 2.748E+00, 138
1727688446.127157, 2.750E+00, 138
1727688446.2321606, 2.743E+00, 138
1727688446.3336902, 2.747E+00, 138
1727688446.438381, 2.750E+00, 138
1727688446.5418181, 2.757E+00, 138
1727688446.6472733, 2.740E+00, 138
1727688447.7566352, 2.744E+00, 139
1727688447.8610046, 2.770E+00, 139
1727688447.9643376, 2.761E+00, 139
1727688448.0686066, 2.766E+00, 139
1727688448.1728392, 2.761E+00, 139
1727688448.276238, 2.759E+00, 139
1727688448.3793466, 2.772E+00, 139
1727688448.481955, 2.758E+00, 139
1727688448.586505, 2.771E+00, 139
1727688448.6898496, 2.777E+00, 139
1727688449.7983305, 2.761E+00, 140
1727688449.9028747, 2.760E+00, 140
1727688450.0066853, 2.798E+00, 140
1727688450.1137297, 2.787E+00, 140
1727688450.219472, 2.790E+00, 140
1727688450.323016, 2.775E+00, 140
1727688450.431109, 2.791E+00, 140
1727688450.5351298, 2.784E+00, 140
1727688450.638074, 2.787E+00, 140
1727688450.7434309, 2.781E+00, 140
1727688451.8499885, 2.784E+00, 141
1727688451.9544473, 2.802E+00, 141
1727688452.0590923, 2.811E+00, 141
1727688452.1630657, 2.803E+00, 141
1727688452.26794, 2.794E+00, 141
1727688452.3722947, 2.800E+00, 141
1727688452.4740486, 2.797E+00, 141
1727688452.5797083, 2.812E+00, 141
1727688452.6838138, 2.810E+00, 141
1727688452.787342, 2.805E+00, 141
1727688453.896237, 2.800E+00, 142
1727688453.998847, 2.801E+00, 142
1727688454.1024003, 2.828E+00, 142
1727688454.205558, 2.834E+00, 142
1727688454.3102875, 2.835E+00, 142
1727688454.4127634, 2.818E+00, 142
1727688454.5148332, 2.826E+00, 142
1727688454.6184342, 2.824E+00, 142
1727688454.7225847, 2.833E+00, 142
1727688454.826013, 2.821E+00, 142
1727688455.9344316, 2.818E+00, 143
1727688456.0388482, 2.846E+00, 143
1727688456.1428027, 2.834E+00, 143
1727688456.2473295, 2.838E+00, 143
1727688456.3597767, 2.850E+00, 143
1727688456.46199, 2.844E+00, 143
1727688456.5649393, 2.840E+00, 143
1727688456.668756, 2.845E+00, 143
1727688456.7755172, 2.840E+00, 143
1727688456.8794467, 2.835E+00, 143
1727688457.9868033, 2.845E+00, 144
1727688458.0910428, 2.857E+00, 144
1727688458.197268, 2.865E+00, 144
1727688458.2993805, 2.859E+00, 144
1727688458.4030595, 2.857E+00, 144
1727688458.5086417, 2.858E+00, 144
1727688458.6122139, 2.857E+00, 144
1727688458.7152503, 2.862E+00, 144
1727688458.8193324, 2.861E+00, 144
1727688458.9231954, 2.860E+00, 144
1727688460.0295272, 2.865E+00, 145
1727688460.132442, 2.880E+00, 145
1727688460.2361095, 2.875E+00, 145
1727688460.3400986, 2.884E+00, 145
1727688460.4460344, 2.875E+00, 145
1727688460.5503268, 2.875E+00, 145
1727688460.6549075, 2.880E+00, 145
1727688460.7579975, 2.887E+00, 145
1727688460.8610172, 2.873E+00, 145
1727688460.9638379, 2.882E+00, 145
1727688462.0719578, 2.878E+00, 146
1727688462.175638, 2.878E+00, 146
1727688462.2786174, 2.888E+00, 146
1727688462.3820128, 2.893E+00, 146
1727688462.484937, 2.898E+00, 146
1727688462.5929575, 2.902E+00, 146
1727688462.6960058, 2.908E+00, 146
1727688462.7991424, 2.897E+00, 146
1727688462.9031892, 2.895E+00, 146
1727688463.0082204, 2.910E+00, 146
1727688464.1152203, 2.915E+00, 147
1727688464.2184658, 2.900E+00, 147
1727688464.3218048, 2.912E+00, 147
1727688464.42823, 2.919E+00, 147
1727688464.5339382, 2.912E+00, 147
1727688464.639489, 2.924E+00, 147
1727688464.7446074, 2.928E+00, 147
1727688464.8492248, 2.920E+00, 147
1727688464.9530408, 2.926E+00, 147
1727688465.0568788, 2.920E+00, 147
1727688466.1630533, 2.921E+00, 148
1727688466.2682757, 2.931E+00, 148
1727688466.37169, 2.944E+00, 148
1727688466.47538, 2.945E+00, 148
1727688466.5800996, 2.939E+00, 148
1727688466.6821578, 2.931E+00, 148
1727688466.7877684, 2.942E+00, 148
1727688466.8924568, 2.940E+00, 148
1727688466.9976223, 2.939E+00, 148
1727688467.1004384, 2.941E+00, 148
1727688468.207364, 2.944E+00, 149
1727688468.3122127, 2.967E+00, 149
1727688468.4164069, 2.958E+00, 149
1727688468.5211642, 2.959E+00, 149
1727688468.6264837, 2.968E+00, 149
1727688468.732003, 2.957E+00, 149
1727688468.8358877, 2.961E+00, 149
1727688468.9392948, 2.954E+00, 149
1727688469.0431528, 2.965E+00, 149
1727688469.1464605, 2.967E+00, 149
