2.500302181699773030e+02 2.274407039100074712e+01 6.848590172990861591e-01
2.569933544990774408e+02 2.374131765217421375e+01 1.962558155905418156e+00
2.639564908281776638e+02 2.324109131060305344e+01 2.244602083774040135e+00
2.709196271572778301e+02 2.656443084875990834e+01 2.766054243780611821e-01
2.778827634863780531e+02 2.764305671101350015e+01 5.124055952783259649e-01
2.848458998154782194e+02 2.783293713537181091e+01 4.087030902978525226e+00
2.918090361445783856e+02 2.854708182490114154e+01 5.374223877698790730e+00
2.987721724736785518e+02 2.982645993647784266e+01 5.598394795852728478e+00
3.057353088027787749e+02 3.138048411414909111e+01 3.193194680970814048e+00
3.126984451318789411e+02 3.612021094164892787e+01 4.658881769192897426e-01
3.196615814609791073e+02 3.796866819232408119e+01 8.319405380229150104e-01
3.266247177900793304e+02 3.920783741832223512e+01 2.210387704195383662e+00
3.335878541191794966e+02 3.966307211015725187e+01 5.983410174497773681e+00
3.405509904482796628e+02 4.313411475254632421e+01 1.250721536010215296e+00
3.475141267773798859e+02 4.480956023538384869e+01 1.296753685580865012e+00
3.544772631064800521e+02 4.603290112428074110e+01 2.319327772176078994e+00
3.614403994355802183e+02 4.796839848274183282e+01 2.577380673303854230e+00
3.684035357646804414e+02 4.971272793520668642e+01 2.071914945574547140e+00
3.753666720937806076e+02 5.224019242449160316e+01 6.292944186038278431e-01
3.823298084228807738e+02 5.401559017266249185e+01 2.414003085686693861e+00
3.892929447519809401e+02 5.593326527469247367e+01 1.564990484027524831e+00
3.962560810810811631e+02 5.923006990514028303e+01 8.656615570918094749e-01
4.032192174101813293e+02 5.922544949160238303e+01 4.199218627778567026e-02
4.101823537392814956e+02 6.254114294853660994e+01 1.690078724058331261e+00
4.171454900683817186e+02 6.489772791862979773e+01 1.996857498821412058e+00
4.241086263974818849e+02 6.734309831836608851e+01 1.406897179543064924e+00
4.310717627265820511e+02 6.924097072933271591e+01 2.225033480038399514e+00
4.380348990556822741e+02 7.114119924778711379e+01 1.900520388963421903e+00
4.449980353847824404e+02 7.363475381073239134e+01 2.958349066489638801e+00
4.519611717138826066e+02 7.679591436936604509e+01 1.541619416004683663e+00
4.589243080429828296e+02 7.877251443782213869e+01 1.665968517148256334e+00
4.658874443720829959e+02 8.075731281913299142e+01 2.422578967542638129e+00
4.728505807011831621e+02 8.301495342721280224e+01 2.014493712155963401e+00
4.798137170302833283e+02 8.609435387045294874e+01 1.474947532098232816e+00
