3.475141267773798859e+02 -2.245549022282377649e+01 2.870393860354162996e+00
3.544772631064800521e+02 -2.259781319464374150e+01 3.790122534409414268e+00
3.614403994355802183e+02 -2.288724651907905638e+01 4.349983125143926266e+00
3.684035357646804414e+02 -2.443487365186634364e+01 2.851115031361266094e+00
3.753666720937806076e+02 -2.516079831401432898e+01 3.827798626422102668e+00
3.823298084228807738e+02 -2.580068542836030332e+01 1.563374993140474567e+00
3.892929447519809401e+02 -2.746937958997907359e+01 1.713921538785908139e+00
3.962560810810811631e+02 -2.808812881392820060e+01 2.044229103271433701e+00
4.032192174101813293e+02 -2.932420832192489613e+01 6.905288051803666338e-01
4.101823537392814956e+02 -3.005854029979663267e+01 1.072604497433140347e+00
4.171454900683817186e+02 -3.040902974216283638e+01 1.628884075686983124e+00
4.241086263974818849e+02 -2.456528254521255761e+01 8.433218113974769281e+00
4.310717627265820511e+02 -2.556271696104655433e+01 2.037552254964429821e+00
4.380348990556822741e+02 -2.164538631723649331e+01 2.622347580556701807e+00
4.449980353847824404e+02 -1.771667337941712006e+01 1.332266809276285047e+00
4.519611717138826066e+02 -1.391241210964742159e+01 2.400363174349788409e+00
4.589243080429828296e+02 -8.374792998138879341e+00 4.557459335430058545e+00
4.658874443720829959e+02 -5.864999626977415836e+00 2.860538145336174676e+00
4.728505807011831621e+02 -2.956596527738848401e+00 3.050502204739006906e+00
