2.500302181699773030e+02 -9.626935333556343011e+00 3.084667275129077679e-01
2.569933544990774408e+02 -1.080210046329004747e+01 7.659168537166284985e+00
2.639564908281776638e+02 -1.237032489420206893e+01 1.181641407936116606e+00
2.709196271572778301e+02 -1.276940963949467900e+01 2.863011509589715731e-01
2.778827634863780531e+02 -1.211082884094730083e+01 3.711301324950159186e-01
2.848458998154782194e+02 -1.157428063953057773e+01 4.573008447805039012e+00
2.918090361445783856e+02 -1.431607950234980287e+01 4.778920820492815746e-01
2.987721724736785518e+02 -1.567534587528589896e+01 1.128734688026094002e+00
3.057353088027787749e+02 -1.486117403679931925e+01 3.314010156917427175e+00
3.126984451318789411e+02 -1.531667693456795831e+01 3.168980684369852030e-01
3.196615814609791073e+02 -1.511131789813710569e+01 4.050058293547240673e+00
3.266247177900793304e+02 -1.273483079702848642e+01 6.376904515925222228e+00
3.335878541191794966e+02 -1.892532409006047089e+01 3.274420208070091487e+00
3.405509904482796628e+02 -2.101851477484979469e+01 1.482687106750483652e+00
3.475141267773798859e+02 -2.111720533448021797e+01 1.002158603177694118e-02
3.544772631064800521e+02 -2.279319029819469833e+01 7.401374097006051533e-01
3.614403994355802183e+02 -2.277092103262497602e+01 2.522772378337919008e+00
3.684035357646804414e+02 -2.389550350138252099e+01 1.063413579635165807e+00
3.753666720937806076e+02 -2.602804061589280593e+01 1.633662478042795740e+00
3.823298084228807738e+02 -2.547298880311141644e+01 2.595317200706711791e+00
3.892929447519809401e+02 -2.711531163869294758e+01 2.124658382898431341e+00
3.962560810810811631e+02 -2.895683672059796621e+01 8.741272075756363336e-01
4.032192174101813293e+02 -3.060268222881572342e+01 1.612567627550236526e+00
4.101823537392814956e+02 -3.160211290648160087e+01 1.121748229010812059e+00
4.171454900683817186e+02 -3.261630529866511097e+01 1.291887367308553136e+00
4.241086263974818849e+02 -3.393938587357954617e+01 1.626156899698352420e+00
4.310717627265820511e+02 -3.280576226255514882e+01 3.365708029646903299e-01
4.380348990556822741e+02 -3.013011667454961895e+01 1.247809901625895668e+00
4.449980353847824404e+02 -2.785927184567057324e+01 1.655320784920516264e+00
4.519611717138826066e+02 -2.259546354132637092e+01 9.288887875205714684e-01
4.589243080429828296e+02 -1.924705488499982309e+01 1.480976767466692046e+00
4.658874443720829959e+02 -1.602620820314356465e+01 3.137026134254833343e-01
4.728505807011831621e+02 -1.245738510119818798e+01 1.007577420610500818e+00
4.798137170302833283e+02 -8.461334554140567121e+00 6.677113638808255258e-01
4.867768533593835514e+02 -4.236108610353616299e+00 3.582503763773551841e-01
