5.500000000000000000e+01 2.811496239931634555e+00 8.956099653725739518e-02
3.600000000000000000e+02 2.811425262470462982e+00 5.229100780637908202e-02
6.110000000000000000e+02 2.628971339596185341e+00 7.902648411884616308e-02
9.610000000000000000e+02 2.751504794074039140e+00 5.793951528322396211e-02
1.716000000000000000e+03 2.728849008428082534e+00 6.444178107533171662e-02
2.561000000000000000e+03 2.762377656050931218e+00 2.957104926033795114e-02
3.446000000000000000e+03 2.767467320918525431e+00 4.868756759211229773e-02
4.146000000000000000e+03 2.760231271574931089e+00 4.897111110803416267e-02
6.593100000000000000e+04 2.481335654939828217e+00 6.145717029127024250e-02
6.656700000000000000e+04 2.381782085946071437e+00 5.051061586700735656e-02
6.737700000000000000e+04 2.658720413494311874e+00 7.013734587852753222e-02
8.246800000000000000e+04 2.589907996982908411e+00 6.109978644185125318e-02
8.307100000000000000e+04 2.763428593318565607e+00 6.222359408216373428e-02
8.372500000000000000e+04 2.690106272802838205e+00 5.744569932421373509e-02
8.442100000000000000e+04 2.870550154680566735e+00 5.723724393696290325e-02
8.581800000000000000e+04 2.631856164404935861e+00 7.117154759509737583e-02
3.287380000000000000e+05 1.778764505723094080e+00 4.407077498616317202e-02
3.296370000000000000e+05 1.943566529420515998e+00 6.706075559513199891e-02
3.307630000000000000e+05 1.940057791718095226e+00 4.589268912527535299e-02
3.317070000000000000e+05 2.029029363365103311e+00 4.969731410706370450e-02
