time.time(), c1pp, vset
1727687654.3148184, 1.403E-01, 5
1727687654.4194887, 1.463E-01, 5
1727687654.5222611, 1.408E-01, 5
1727687654.6271865, 1.394E-01, 5
1727687654.7294052, 1.413E-01, 5
1727687654.836928, 1.431E-01, 5
1727687654.9431245, 1.422E-01, 5
1727687655.047734, 1.459E-01, 5
1727687655.1531143, 1.426E-01, 5
1727687655.255588, 1.431E-01, 5
1727687656.363587, 1.441E-01, 6
1727687656.4734674, 1.607E-01, 6
1727687656.5772333, 1.616E-01, 6
1727687656.6817796, 1.602E-01, 6
1727687656.7854753, 1.602E-01, 6
1727687656.8889048, 1.606E-01, 6
1727687656.9933357, 1.630E-01, 6
1727687657.0985096, 1.588E-01, 6
1727687657.2052786, 1.607E-01, 6
1727687657.3085701, 1.621E-01, 6
1727687658.4139955, 1.607E-01, 7
1727687658.517238, 1.597E-01, 7
1727687658.6216226, 1.842E-01, 7
1727687658.7260287, 1.791E-01, 7
1727687658.829126, 1.791E-01, 7
1727687658.9324927, 1.810E-01, 7
1727687659.0367186, 1.819E-01, 7
1727687659.139514, 1.791E-01, 7
1727687659.2429, 1.801E-01, 7
1727687659.3461876, 1.791E-01, 7
1727687660.4567354, 1.842E-01, 8
1727687660.5614665, 1.990E-01, 8
1727687660.6649053, 2.008E-01, 8
1727687660.7719514, 1.976E-01, 8
1727687660.876562, 2.027E-01, 8
1727687660.9812694, 1.994E-01, 8
1727687661.0867329, 2.013E-01, 8
1727687661.1946273, 1.999E-01, 8
1727687661.29736, 2.013E-01, 8
1727687661.401817, 1.990E-01, 8
1727687662.5085156, 1.994E-01, 9
1727687662.6137993, 2.207E-01, 9
1727687662.7183619, 2.221E-01, 9
1727687662.8221986, 2.207E-01, 9
1727687662.9246323, 2.193E-01, 9
1727687663.028962, 2.193E-01, 9
1727687663.1334963, 2.184E-01, 9
1727687663.2372932, 2.211E-01, 9
1727687663.3412893, 2.179E-01, 9
1727687663.4448807, 2.221E-01, 9
1727687664.5489974, 2.234E-01, 10
1727687664.6511273, 2.211E-01, 10
1727687664.7551475, 2.401E-01, 10
1727687664.8611476, 2.414E-01, 10
1727687664.967309, 2.387E-01, 10
1727687665.0762498, 2.401E-01, 10
1727687665.1814394, 2.415E-01, 10
1727687665.2849467, 2.396E-01, 10
1727687665.3899195, 2.387E-01, 10
1727687665.4965403, 2.364E-01, 10
1727687666.6046395, 2.401E-01, 11
1727687666.709128, 2.401E-01, 11
1727687666.8167503, 2.576E-01, 11
1727687666.9257765, 2.599E-01, 11
1727687667.031735, 2.576E-01, 11
1727687667.135836, 2.567E-01, 11
1727687667.2389576, 2.618E-01, 11
1727687667.3457427, 2.585E-01, 11
1727687667.448538, 2.567E-01, 11
1727687667.5526347, 2.590E-01, 11
1727687668.6609309, 2.571E-01, 12
1727687668.7634978, 2.567E-01, 12
1727687668.8677218, 2.761E-01, 12
1727687668.9720187, 2.793E-01, 12
1727687669.0785658, 2.793E-01, 12
1727687669.1808956, 2.784E-01, 12
1727687669.2869234, 2.793E-01, 12
1727687669.3917742, 2.756E-01, 12
1727687669.4953666, 2.774E-01, 12
1727687669.598574, 2.775E-01, 12
1727687670.7029803, 2.789E-01, 13
1727687670.80819, 3.001E-01, 13
1727687670.9118085, 3.005E-01, 13
1727687671.015745, 2.964E-01, 13
1727687671.118784, 3.010E-01, 13
1727687671.2220025, 2.978E-01, 13
1727687671.324774, 2.950E-01, 13
1727687671.4278026, 3.001E-01, 13
1727687671.530684, 2.978E-01, 13
1727687671.6355026, 2.950E-01, 13
1727687672.741293, 2.945E-01, 14
1727687672.8463511, 2.982E-01, 14
1727687672.9495833, 3.190E-01, 14
1727687673.0526757, 3.144E-01, 14
1727687673.1568182, 3.153E-01, 14
1727687673.2598069, 3.139E-01, 14
1727687673.363039, 3.162E-01, 14
1727687673.4684432, 3.144E-01, 14
1727687673.5723825, 3.149E-01, 14
1727687673.6771462, 3.158E-01, 14
1727687674.7817936, 3.130E-01, 15
1727687674.8861847, 3.158E-01, 15
1727687674.9896352, 3.384E-01, 15
1727687675.094134, 3.356E-01, 15
1727687675.1975641, 3.347E-01, 15
1727687675.3049598, 3.370E-01, 15
1727687675.4133077, 3.338E-01, 15
1727687675.5163283, 3.361E-01, 15
1727687675.6196496, 3.361E-01, 15
1727687675.7240088, 3.352E-01, 15
1727687676.8294916, 3.347E-01, 16
1727687676.933665, 3.352E-01, 16
1727687677.0371907, 3.546E-01, 16
1727687677.1400664, 3.546E-01, 16
1727687677.2422101, 3.513E-01, 16
1727687677.3455112, 3.536E-01, 16
1727687677.4493113, 3.578E-01, 16
1727687677.552818, 3.546E-01, 16
1727687677.6565347, 3.541E-01, 16
1727687677.7637796, 3.546E-01, 16
1727687678.8683066, 3.541E-01, 17
1727687678.9725475, 3.541E-01, 17
1727687679.0766425, 3.739E-01, 17
1727687679.179202, 3.717E-01, 17
1727687679.282943, 3.749E-01, 17
1727687679.3856747, 3.730E-01, 17
1727687679.4924445, 3.767E-01, 17
1727687679.5957334, 3.735E-01, 17
1727687679.7006288, 3.726E-01, 17
1727687679.8044598, 3.749E-01, 17
1727687680.9093723, 3.730E-01, 18
1727687681.0120566, 3.735E-01, 18
1727687681.116662, 3.915E-01, 18
1727687681.2206044, 3.984E-01, 18
1727687681.3246539, 3.934E-01, 18
1727687681.4297502, 3.943E-01, 18
1727687681.5354583, 3.906E-01, 18
1727687681.640807, 3.897E-01, 18
1727687681.7462008, 3.920E-01, 18
1727687681.8519177, 3.919E-01, 18
1727687682.9617755, 3.929E-01, 19
1727687683.0672119, 4.146E-01, 19
1727687683.1719995, 4.109E-01, 19
1727687683.2748718, 4.164E-01, 19
1727687683.3799727, 4.123E-01, 19
1727687683.4847722, 4.141E-01, 19
1727687683.5887167, 4.132E-01, 19
1727687683.6945212, 4.132E-01, 19
1727687683.799192, 4.113E-01, 19
1727687683.9016795, 4.095E-01, 19
1727687685.0081718, 4.104E-01, 20
1727687685.111069, 4.321E-01, 20
1727687685.2154286, 4.312E-01, 20
1727687685.3235438, 4.344E-01, 20
1727687685.4288735, 4.307E-01, 20
1727687685.5333898, 4.307E-01, 20
1727687685.6356978, 4.298E-01, 20
1727687685.740944, 4.312E-01, 20
1727687685.8472807, 4.303E-01, 20
1727687685.9489083, 4.298E-01, 20
1727687687.0579786, 4.330E-01, 21
1727687687.1637273, 4.510E-01, 21
1727687687.268443, 4.515E-01, 21
1727687687.3742867, 4.501E-01, 21
1727687687.4765568, 4.506E-01, 21
1727687687.5849593, 4.487E-01, 21
1727687687.688868, 4.515E-01, 21
1727687687.794994, 4.510E-01, 21
1727687687.897851, 4.515E-01, 21
1727687688.0000875, 4.534E-01, 21
1727687689.1069622, 4.529E-01, 22
1727687689.2091444, 4.681E-01, 22
1727687689.315412, 4.686E-01, 22
1727687689.4207273, 4.741E-01, 22
1727687689.5241013, 4.690E-01, 22
1727687689.6281898, 4.709E-01, 22
1727687689.7322931, 4.695E-01, 22
1727687689.8367848, 4.691E-01, 22
1727687689.9393997, 4.700E-01, 22
1727687690.0426512, 4.695E-01, 22
1727687691.1464753, 4.672E-01, 23
1727687691.251454, 4.926E-01, 23
1727687691.3567686, 4.930E-01, 23
1727687691.4589922, 4.908E-01, 23
1727687691.5658834, 4.917E-01, 23
1727687691.670209, 4.880E-01, 23
1727687691.7731378, 4.871E-01, 23
1727687691.8778758, 4.866E-01, 23
1727687691.9845555, 4.889E-01, 23
1727687692.0907876, 4.926E-01, 23
1727687693.1948538, 4.903E-01, 24
1727687693.3006148, 4.885E-01, 24
1727687693.4039626, 5.092E-01, 24
1727687693.5075278, 5.101E-01, 24
1727687693.6115384, 5.083E-01, 24
1727687693.7142959, 5.074E-01, 24
1727687693.821387, 5.074E-01, 24
1727687693.9252706, 5.106E-01, 24
1727687694.0307884, 5.092E-01, 24
1727687694.1340032, 5.069E-01, 24
1727687695.2418525, 5.074E-01, 25
1727687695.3445108, 5.087E-01, 25
1727687695.4470181, 5.245E-01, 25
1727687695.5494874, 5.263E-01, 25
1727687695.6533082, 5.272E-01, 25
1727687695.7581246, 5.272E-01, 25
1727687695.8622975, 5.300E-01, 25
1727687695.967927, 5.295E-01, 25
1727687696.071557, 5.295E-01, 25
1727687696.1752117, 5.268E-01, 25
1727687697.285242, 5.267E-01, 26
1727687697.3918889, 5.249E-01, 26
1727687697.4961574, 5.462E-01, 26
1727687697.5996177, 5.457E-01, 26
1727687697.7043447, 5.434E-01, 26
1727687697.807174, 5.448E-01, 26
1727687697.9126308, 5.471E-01, 26
1727687698.0165071, 5.471E-01, 26
1727687698.1192238, 5.475E-01, 26
1727687698.2249274, 5.466E-01, 26
1727687699.3329928, 5.503E-01, 27
1727687699.4360483, 5.448E-01, 27
1727687699.538632, 5.646E-01, 27
1727687699.6437044, 5.660E-01, 27
1727687699.7464921, 5.665E-01, 27
1727687699.852386, 5.660E-01, 27
1727687699.9563901, 5.665E-01, 27
1727687700.0608659, 5.655E-01, 27
1727687700.1636236, 5.646E-01, 27
1727687700.2700794, 5.683E-01, 27
1727687701.3747256, 5.665E-01, 28
1727687701.4803395, 5.678E-01, 28
1727687701.586284, 5.817E-01, 28
1727687701.691417, 5.826E-01, 28
1727687701.7938583, 5.813E-01, 28
1727687701.8971248, 5.863E-01, 28
1727687702.0024529, 5.845E-01, 28
1727687702.1051679, 5.822E-01, 28
1727687702.2114801, 5.863E-01, 28
1727687702.3170462, 5.849E-01, 28
1727687703.4220011, 5.840E-01, 29
1727687703.526397, 6.038E-01, 29
1727687703.63019, 6.025E-01, 29
1727687703.733686, 6.034E-01, 29
1727687703.8368237, 6.053E-01, 29
1727687703.9423091, 6.015E-01, 29
1727687704.0450146, 6.053E-01, 29
1727687704.1496058, 6.034E-01, 29
1727687704.2529106, 6.048E-01, 29
1727687704.356509, 6.057E-01, 29
1727687705.461753, 6.025E-01, 30
1727687705.5657198, 6.270E-01, 30
1727687705.6698668, 6.233E-01, 30
1727687705.7748308, 6.251E-01, 30
1727687705.8802454, 6.223E-01, 30
1727687705.98253, 6.223E-01, 30
1727687706.0860846, 6.242E-01, 30
1727687706.189152, 6.256E-01, 30
1727687706.2947812, 6.233E-01, 30
1727687706.3979769, 6.237E-01, 30
1727687707.5032098, 6.214E-01, 31
1727687707.6075394, 6.431E-01, 31
1727687707.7104475, 6.422E-01, 31
1727687707.815382, 6.440E-01, 31
1727687707.9179227, 6.413E-01, 31
1727687708.0219028, 6.431E-01, 31
1727687708.1271498, 6.440E-01, 31
1727687708.2316384, 6.408E-01, 31
1727687708.3368742, 6.431E-01, 31
1727687708.4420967, 6.431E-01, 31
1727687709.5529325, 6.459E-01, 32
1727687709.65724, 6.413E-01, 32
1727687709.7603302, 6.643E-01, 32
1727687709.8630655, 6.630E-01, 32
1727687709.9681928, 6.639E-01, 32
1727687710.072223, 6.625E-01, 32
1727687710.1771357, 6.616E-01, 32
1727687710.280487, 6.634E-01, 32
1727687710.3855991, 6.634E-01, 32
1727687710.4890616, 6.634E-01, 32
1727687711.5951085, 6.606E-01, 33
1727687711.6990952, 6.634E-01, 33
1727687711.805766, 6.801E-01, 33
1727687711.9091256, 6.796E-01, 33
1727687712.011726, 6.819E-01, 33
1727687712.116381, 6.828E-01, 33
1727687712.2198498, 6.810E-01, 33
1727687712.3240497, 6.819E-01, 33
1727687712.4280252, 6.800E-01, 33
1727687712.5349016, 6.801E-01, 33
1727687713.6419358, 6.819E-01, 34
1727687713.7467082, 6.805E-01, 34
1727687713.8500113, 7.013E-01, 34
1727687713.95497, 7.017E-01, 34
1727687714.0586758, 7.045E-01, 34
1727687714.1645825, 7.003E-01, 34
1727687714.2707489, 6.976E-01, 34
1727687714.3735363, 7.013E-01, 34
1727687714.4782295, 7.040E-01, 34
1727687714.582924, 6.994E-01, 34
1727687715.698403, 7.003E-01, 35
1727687715.8029943, 7.216E-01, 35
1727687715.9073384, 7.225E-01, 35
1727687716.0142195, 7.197E-01, 35
1727687716.122316, 7.183E-01, 35
1727687716.2279341, 7.179E-01, 35
1727687716.3328185, 7.211E-01, 35
1727687716.4369001, 7.197E-01, 35
1727687716.540794, 7.160E-01, 35
1727687716.6462626, 7.183E-01, 35
1727687717.7528112, 7.188E-01, 36
1727687717.8578675, 7.216E-01, 36
1727687717.9607785, 7.373E-01, 36
1727687718.0635397, 7.387E-01, 36
1727687718.1673727, 7.387E-01, 36
1727687718.2695174, 7.410E-01, 36
1727687718.371758, 7.378E-01, 36
1727687718.474195, 7.391E-01, 36
1727687718.5775957, 7.373E-01, 36
1727687718.6818285, 7.419E-01, 36
1727687719.7879107, 7.387E-01, 37
1727687719.8905787, 7.594E-01, 37
1727687719.994794, 7.590E-01, 37
1727687720.1003795, 7.599E-01, 37
1727687720.2029111, 7.590E-01, 37
1727687720.3073006, 7.608E-01, 37
1727687720.41389, 7.599E-01, 37
1727687720.519143, 7.567E-01, 37
1727687720.6226528, 7.585E-01, 37
1727687720.7310731, 7.590E-01, 37
1727687721.8391788, 7.581E-01, 38
1727687721.9425955, 7.765E-01, 38
1727687722.0462422, 7.784E-01, 38
1727687722.1488972, 7.751E-01, 38
1727687722.25529, 7.770E-01, 38
1727687722.359514, 7.802E-01, 38
1727687722.4628153, 7.756E-01, 38
1727687722.566549, 7.765E-01, 38
1727687722.6707084, 7.770E-01, 38
1727687722.7754655, 7.761E-01, 38
1727687723.882367, 7.774E-01, 39
1727687723.987391, 7.784E-01, 39
1727687724.0900452, 7.931E-01, 39
1727687724.1969426, 7.978E-01, 39
1727687724.302726, 7.968E-01, 39
1727687724.4060602, 7.959E-01, 39
1727687724.5099363, 7.978E-01, 39
1727687724.6154954, 7.978E-01, 39
1727687724.7191541, 7.964E-01, 39
1727687724.825415, 7.973E-01, 39
1727687725.9303484, 7.950E-01, 40
1727687726.0355668, 7.973E-01, 40
1727687726.1396315, 8.194E-01, 40
1727687726.2435515, 8.153E-01, 40
1727687726.3470366, 8.139E-01, 40
1727687726.4497514, 8.139E-01, 40
1727687726.5539334, 8.153E-01, 40
1727687726.6576452, 8.171E-01, 40
1727687726.7620354, 8.144E-01, 40
1727687726.8652205, 8.167E-01, 40
1727687727.9722943, 8.139E-01, 41
1727687728.0784483, 8.158E-01, 41
1727687728.1831317, 8.342E-01, 41
1727687728.2902374, 8.324E-01, 41
1727687728.395686, 8.338E-01, 41
1727687728.5001204, 8.347E-01, 41
1727687728.6036036, 8.361E-01, 41
1727687728.7077215, 8.347E-01, 41
1727687728.8099117, 8.361E-01, 41
1727687728.9155157, 8.315E-01, 41
1727687730.0235908, 8.315E-01, 42
1727687730.1270204, 8.518E-01, 42
1727687730.2305145, 8.532E-01, 42
1727687730.3348649, 8.522E-01, 42
1727687730.4386199, 8.532E-01, 42
1727687730.5420845, 8.559E-01, 42
1727687730.6475062, 8.541E-01, 42
1727687730.751525, 8.518E-01, 42
1727687730.8540435, 8.569E-01, 42
1727687730.9583123, 8.550E-01, 42
1727687732.0674238, 8.513E-01, 43
1727687732.1732364, 8.559E-01, 43
1727687732.2779555, 8.716E-01, 43
1727687732.3826747, 8.721E-01, 43
1727687732.4863977, 8.730E-01, 43
1727687732.5921154, 8.711E-01, 43
1727687732.6968586, 8.758E-01, 43
1727687732.7985866, 8.698E-01, 43
1727687732.9042783, 8.716E-01, 43
1727687733.0101113, 8.739E-01, 43
1727687734.116844, 8.716E-01, 44
1727687734.2222264, 8.726E-01, 44
1727687734.3250408, 8.919E-01, 44
1727687734.428309, 8.942E-01, 44
1727687734.5314677, 8.924E-01, 44
1727687734.637181, 8.924E-01, 44
1727687734.7419963, 8.924E-01, 44
1727687734.847477, 8.919E-01, 44
1727687734.9517832, 8.933E-01, 44
1727687735.056304, 8.919E-01, 44
1727687736.1594017, 8.933E-01, 45
1727687736.2626374, 8.942E-01, 45
1727687736.36571, 9.099E-01, 45
1727687736.4701755, 9.132E-01, 45
1727687736.5751956, 9.127E-01, 45
1727687736.6813009, 9.141E-01, 45
1727687736.7857761, 9.109E-01, 45
1727687736.8915179, 9.113E-01, 45
1727687736.9984481, 9.118E-01, 45
1727687737.101167, 9.104E-01, 45
1727687738.2092876, 9.155E-01, 46
1727687738.311819, 9.090E-01, 46
1727687738.4172375, 9.321E-01, 46
1727687738.5225677, 9.307E-01, 46
1727687738.6261947, 9.293E-01, 46
1727687738.728546, 9.312E-01, 46
1727687738.832932, 9.284E-01, 46
1727687738.9355018, 9.312E-01, 46
1727687739.0399458, 9.317E-01, 46
1727687739.1446488, 9.284E-01, 46
1727687740.2528853, 9.284E-01, 47
1727687740.3588288, 9.515E-01, 47
1727687740.4628606, 9.483E-01, 47
1727687740.5697374, 9.497E-01, 47
1727687740.676218, 9.515E-01, 47
1727687740.7797837, 9.483E-01, 47
1727687740.886808, 9.510E-01, 47
1727687740.9920714, 9.496E-01, 47
1727687741.0970466, 9.492E-01, 47
1727687741.2072728, 9.506E-01, 47
1727687742.3165863, 9.515E-01, 48
1727687742.4189696, 9.483E-01, 48
1727687742.5221307, 9.709E-01, 48
1727687742.6270587, 9.667E-01, 48
1727687742.7312226, 9.690E-01, 48
1727687742.835381, 9.681E-01, 48
1727687742.9409316, 9.681E-01, 48
1727687743.0439441, 9.699E-01, 48
1727687743.1485212, 9.677E-01, 48
1727687743.254897, 9.727E-01, 48
1727687744.36255, 9.690E-01, 49
1727687744.465675, 9.690E-01, 49
1727687744.5710287, 9.921E-01, 49
1727687744.6740527, 9.889E-01, 49
1727687744.7786658, 9.879E-01, 49
1727687744.8824365, 9.893E-01, 49
1727687744.9854805, 9.889E-01, 49
1727687745.089284, 9.852E-01, 49
1727687745.191425, 9.894E-01, 49
1727687745.2944582, 9.889E-01, 49
1727687746.4023466, 9.847E-01, 50
1727687746.5066738, 9.861E-01, 50
1727687746.6124647, 1.010E+00, 50
1727687746.7171853, 1.009E+00, 50
1727687746.8219035, 1.008E+00, 50
1727687746.9266262, 1.009E+00, 50
1727687747.0283556, 1.008E+00, 50
1727687747.1315806, 1.007E+00, 50
1727687747.2344542, 1.005E+00, 50
1727687747.338524, 1.005E+00, 50
1727687748.445921, 1.005E+00, 51
1727687748.553261, 1.006E+00, 51
1727687748.6587343, 1.028E+00, 51
1727687748.7633638, 1.029E+00, 51
1727687748.8684182, 1.027E+00, 51
1727687748.9719372, 1.025E+00, 51
1727687749.0765471, 1.031E+00, 51
1727687749.182503, 1.026E+00, 51
1727687749.2848635, 1.026E+00, 51
1727687749.3919857, 1.029E+00, 51
1727687750.4959502, 1.027E+00, 52
1727687750.5997055, 1.028E+00, 52
1727687750.7066548, 1.045E+00, 52
1727687750.810427, 1.045E+00, 52
1727687750.9143121, 1.046E+00, 52
1727687751.0203664, 1.045E+00, 52
1727687751.1261199, 1.050E+00, 52
1727687751.2312534, 1.046E+00, 52
1727687751.3364224, 1.044E+00, 52
1727687751.4412563, 1.047E+00, 52
1727687752.546971, 1.048E+00, 53
1727687752.651255, 1.066E+00, 53
1727687752.7534015, 1.065E+00, 53
1727687752.8551285, 1.066E+00, 53
1727687752.9583979, 1.066E+00, 53
1727687753.0609097, 1.066E+00, 53
1727687753.1640742, 1.065E+00, 53
1727687753.2672124, 1.063E+00, 53
1727687753.3725529, 1.062E+00, 53
1727687753.4770434, 1.066E+00, 53
1727687754.5850852, 1.066E+00, 54
1727687754.6893046, 1.082E+00, 54
1727687754.7939975, 1.084E+00, 54
1727687754.8977606, 1.085E+00, 54
1727687755.002557, 1.087E+00, 54
1727687755.1048381, 1.084E+00, 54
1727687755.2086444, 1.084E+00, 54
1727687755.3139172, 1.084E+00, 54
1727687755.4182622, 1.086E+00, 54
1727687755.5229266, 1.081E+00, 54
1727687756.6292713, 1.084E+00, 55
1727687756.7349875, 1.086E+00, 55
1727687756.8379846, 1.102E+00, 55
1727687756.942178, 1.104E+00, 55
1727687757.047853, 1.104E+00, 55
1727687757.1537318, 1.103E+00, 55
1727687757.2587836, 1.103E+00, 55
1727687757.3644137, 1.104E+00, 55
1727687757.4691043, 1.105E+00, 55
1727687757.5747004, 1.102E+00, 55
1727687758.6798248, 1.103E+00, 56
1727687758.781251, 1.104E+00, 56
1727687758.8844566, 1.123E+00, 56
1727687758.989747, 1.124E+00, 56
1727687759.0940874, 1.123E+00, 56
1727687759.2018375, 1.121E+00, 56
1727687759.3051453, 1.120E+00, 56
1727687759.4106274, 1.125E+00, 56
1727687759.5145185, 1.121E+00, 56
1727687759.6179106, 1.122E+00, 56
1727687760.7228055, 1.123E+00, 57
1727687760.8257375, 1.140E+00, 57
1727687760.9285219, 1.140E+00, 57
1727687761.034962, 1.140E+00, 57
1727687761.139494, 1.141E+00, 57
1727687761.2426543, 1.142E+00, 57
1727687761.3450544, 1.143E+00, 57
1727687761.4499724, 1.143E+00, 57
1727687761.5553894, 1.141E+00, 57
1727687761.6607323, 1.143E+00, 57
1727687762.767841, 1.143E+00, 58
1727687762.8727922, 1.140E+00, 58
1727687762.9765475, 1.160E+00, 58
1727687763.0809646, 1.165E+00, 58
1727687763.1855826, 1.161E+00, 58
1727687763.2887285, 1.158E+00, 58
1727687763.3925807, 1.163E+00, 58
1727687763.497048, 1.159E+00, 58
1727687763.6009874, 1.159E+00, 58
1727687763.7038805, 1.159E+00, 58
1727687764.807621, 1.162E+00, 59
1727687764.9130235, 1.178E+00, 59
1727687765.0168176, 1.181E+00, 59
1727687765.1202805, 1.184E+00, 59
1727687765.2262204, 1.178E+00, 59
1727687765.3297646, 1.181E+00, 59
1727687765.4334266, 1.179E+00, 59
1727687765.5432115, 1.181E+00, 59
1727687765.6485808, 1.179E+00, 59
1727687765.7521095, 1.180E+00, 59
