time.time(), c1pp, vset
1727688572.1615584, 2.967E+00, 149
1727688572.2671597, 2.962E+00, 149
1727688572.3712656, 2.969E+00, 149
1727688572.4737973, 2.962E+00, 149
1727688572.5765905, 2.985E+00, 149
1727688572.6793787, 2.974E+00, 149
1727688572.7844667, 2.976E+00, 149
1727688572.8895407, 2.969E+00, 149
1727688572.992512, 2.956E+00, 149
1727688573.0971928, 2.969E+00, 149
1727688574.2019713, 2.969E+00, 150
1727688574.305067, 2.996E+00, 150
1727688574.4113271, 2.989E+00, 150
1727688574.5169315, 2.989E+00, 150
1727688574.6209536, 2.978E+00, 150
1727688574.7257793, 2.989E+00, 150
1727688574.8319993, 3.001E+00, 150
1727688574.9350114, 2.983E+00, 150
1727688575.0410101, 2.992E+00, 150
1727688575.1431837, 2.983E+00, 150
1727688576.2523346, 2.987E+00, 151
1727688576.3559444, 2.983E+00, 151
1727688576.4593282, 2.996E+00, 151
1727688576.5658102, 2.994E+00, 151
1727688576.670364, 3.005E+00, 151
1727688576.7732055, 3.014E+00, 151
1727688576.8768682, 3.003E+00, 151
1727688576.9816716, 3.003E+00, 151
1727688577.0873659, 3.003E+00, 151
1727688577.192843, 3.009E+00, 151
1727688578.2995415, 3.005E+00, 152
1727688578.4060836, 3.021E+00, 152
1727688578.5082088, 3.032E+00, 152
1727688578.6104848, 3.027E+00, 152
1727688578.715925, 3.025E+00, 152
1727688578.8249648, 3.025E+00, 152
1727688578.932262, 3.016E+00, 152
1727688579.0356314, 3.018E+00, 152
1727688579.1397736, 3.021E+00, 152
1727688579.2433565, 3.034E+00, 152
1727688580.3476388, 3.027E+00, 153
1727688580.4503987, 3.025E+00, 153
1727688580.5571845, 3.043E+00, 153
1727688580.6612763, 3.039E+00, 153
1727688580.7670665, 3.043E+00, 153
1727688580.868946, 3.063E+00, 153
1727688580.9707735, 3.041E+00, 153
1727688581.072562, 3.050E+00, 153
1727688581.1764915, 3.043E+00, 153
1727688581.2818208, 3.048E+00, 153
1727688582.387142, 3.045E+00, 154
1727688582.489959, 3.032E+00, 154
1727688582.6000636, 3.061E+00, 154
1727688582.702964, 3.074E+00, 154
1727688582.8059778, 3.079E+00, 154
1727688582.9096282, 3.077E+00, 154
1727688583.0156636, 3.054E+00, 154
1727688583.1187575, 3.068E+00, 154
1727688583.221764, 3.056E+00, 154
1727688583.3245845, 3.068E+00, 154
1727688584.4312427, 3.059E+00, 155
1727688584.5381534, 3.061E+00, 155
1727688584.6409225, 3.083E+00, 155
1727688584.745838, 3.081E+00, 155
1727688584.8495908, 3.085E+00, 155
1727688584.9524915, 3.077E+00, 155
1727688585.0575757, 3.079E+00, 155
1727688585.159557, 3.083E+00, 155
1727688585.2613547, 3.081E+00, 155
1727688585.3681786, 3.079E+00, 155
1727688586.474021, 3.083E+00, 156
1727688586.577745, 3.090E+00, 156
1727688586.683459, 3.101E+00, 156
1727688586.7883413, 3.108E+00, 156
1727688586.8942406, 3.103E+00, 156
1727688586.998066, 3.095E+00, 156
1727688587.1067746, 3.101E+00, 156
1727688587.2137387, 3.097E+00, 156
1727688587.3174558, 3.126E+00, 156
1727688587.4193969, 3.101E+00, 156
1727688588.5269697, 3.115E+00, 157
1727688588.6306949, 3.106E+00, 157
1727688588.7336, 3.130E+00, 157
1727688588.8372946, 3.132E+00, 157
1727688588.9410477, 3.139E+00, 157
1727688589.043996, 3.121E+00, 157
1727688589.1466935, 3.115E+00, 157
1727688589.249617, 3.130E+00, 157
1727688589.354337, 3.137E+00, 157
1727688589.4590557, 3.112E+00, 157
1727688590.5650322, 3.115E+00, 158
1727688590.6687598, 3.117E+00, 158
1727688590.7745833, 3.141E+00, 158
1727688590.881297, 3.144E+00, 158
1727688590.9860177, 3.139E+00, 158
1727688591.090708, 3.139E+00, 158
1727688591.1956382, 3.135E+00, 158
1727688591.3004496, 3.137E+00, 158
1727688591.4053974, 3.150E+00, 158
1727688591.5091207, 3.135E+00, 158
1727688592.615835, 3.139E+00, 159
1727688592.7215238, 3.135E+00, 159
1727688592.8283455, 3.146E+00, 159
1727688592.9332519, 3.159E+00, 159
1727688593.0381582, 3.162E+00, 159
1727688593.14117, 3.166E+00, 159
1727688593.244943, 3.168E+00, 159
1727688593.35076, 3.168E+00, 159
1727688593.45545, 3.159E+00, 159
1727688593.5601938, 3.159E+00, 159
1727688594.6687565, 3.164E+00, 160
1727688594.7741706, 3.155E+00, 160
1727688594.8778443, 3.179E+00, 160
1727688594.984297, 3.177E+00, 160
1727688595.0872037, 3.166E+00, 160
1727688595.1911573, 3.204E+00, 160
1727688595.2939887, 3.179E+00, 160
1727688595.4001694, 3.182E+00, 160
1727688595.5031595, 3.182E+00, 160
1727688595.608844, 3.191E+00, 160
1727688596.7140768, 3.191E+00, 161
1727688596.817798, 3.182E+00, 161
1727688596.9206645, 3.191E+00, 161
1727688597.0238295, 3.189E+00, 161
1727688597.1293116, 3.184E+00, 161
1727688597.2324252, 3.209E+00, 161
1727688597.3375015, 3.197E+00, 161
1727688597.443254, 3.188E+00, 161
1727688597.5460234, 3.193E+00, 161
1727688597.6496658, 3.209E+00, 161
1727688598.7542295, 3.197E+00, 162
1727688598.8586524, 3.195E+00, 162
1727688598.962815, 3.217E+00, 162
1727688599.0671425, 3.222E+00, 162
1727688599.17151, 3.218E+00, 162
1727688599.2749734, 3.213E+00, 162
1727688599.37869, 3.215E+00, 162
1727688599.4815464, 3.213E+00, 162
1727688599.5869234, 3.215E+00, 162
1727688599.6892352, 3.204E+00, 162
1727688600.7938402, 3.215E+00, 163
1727688600.896342, 3.218E+00, 163
1727688600.9988577, 3.238E+00, 163
1727688601.1047022, 3.247E+00, 163
1727688601.2074547, 3.233E+00, 163
1727688601.3105843, 3.240E+00, 163
1727688601.415148, 3.253E+00, 163
1727688601.5218766, 3.231E+00, 163
1727688601.6245875, 3.242E+00, 163
1727688601.7303088, 3.238E+00, 163
1727688602.8343937, 3.233E+00, 164
1727688602.9405432, 3.235E+00, 164
1727688603.0427983, 3.255E+00, 164
1727688603.1492288, 3.251E+00, 164
1727688603.2544465, 3.256E+00, 164
1727688603.3593287, 3.249E+00, 164
1727688603.4636064, 3.255E+00, 164
1727688603.5678303, 3.258E+00, 164
1727688603.670473, 3.262E+00, 164
1727688603.7734785, 3.262E+00, 164
1727688604.8797488, 3.265E+00, 165
1727688604.9851615, 3.265E+00, 165
1727688605.088303, 3.267E+00, 165
1727688605.1922286, 3.278E+00, 165
1727688605.2947838, 3.282E+00, 165
1727688605.399909, 3.278E+00, 165
1727688605.502936, 3.278E+00, 165
1727688605.6056886, 3.271E+00, 165
1727688605.7107108, 3.269E+00, 165
1727688605.817182, 3.282E+00, 165
1727688606.9233801, 3.296E+00, 166
1727688607.0259607, 3.289E+00, 166
1727688607.130787, 3.298E+00, 166
1727688607.2328994, 3.296E+00, 166
1727688607.3358438, 3.311E+00, 166
1727688607.438655, 3.298E+00, 166
1727688607.5413654, 3.289E+00, 166
1727688607.6444032, 3.294E+00, 166
1727688607.746049, 3.300E+00, 166
1727688607.8512256, 3.296E+00, 166
1727688608.9562635, 3.287E+00, 167
1727688609.0587592, 3.305E+00, 167
1727688609.1645532, 3.309E+00, 167
1727688609.2674315, 3.309E+00, 167
1727688609.3728912, 3.311E+00, 167
1727688609.4759133, 3.303E+00, 167
1727688609.5819142, 3.309E+00, 167
1727688609.6847036, 3.325E+00, 167
1727688609.789541, 3.305E+00, 167
1727688609.8939776, 3.314E+00, 167
1727688610.9996958, 3.323E+00, 168
1727688611.1050608, 3.309E+00, 168
1727688611.2075987, 3.336E+00, 168
1727688611.3126585, 3.338E+00, 168
1727688611.4181983, 3.334E+00, 168
1727688611.5222144, 3.336E+00, 168
1727688611.6281152, 3.332E+00, 168
1727688611.7333078, 3.327E+00, 168
1727688611.8360958, 3.329E+00, 168
1727688611.9407308, 3.334E+00, 168
1727688613.0463772, 3.323E+00, 169
1727688613.1508598, 3.323E+00, 169
1727688613.2547157, 3.356E+00, 169
1727688613.361557, 3.349E+00, 169
1727688613.466827, 3.356E+00, 169
1727688613.5704181, 3.354E+00, 169
1727688613.6759238, 3.365E+00, 169
1727688613.7785578, 3.349E+00, 169
1727688613.883755, 3.367E+00, 169
1727688613.9872167, 3.352E+00, 169
1727688615.094193, 3.343E+00, 170
1727688615.1983542, 3.372E+00, 170
1727688615.3023365, 3.370E+00, 170
1727688615.4071937, 3.372E+00, 170
1727688615.512841, 3.379E+00, 170
1727688615.6189198, 3.381E+00, 170
1727688615.7232041, 3.372E+00, 170
1727688615.8255405, 3.372E+00, 170
1727688615.9283245, 3.374E+00, 170
1727688616.0317261, 3.372E+00, 170
1727688617.1369588, 3.354E+00, 171
1727688617.2477598, 3.372E+00, 171
1727688617.350161, 3.392E+00, 171
1727688617.4547312, 3.392E+00, 171
1727688617.5595243, 3.388E+00, 171
1727688617.665369, 3.387E+00, 171
1727688617.771838, 3.392E+00, 171
1727688617.8756108, 3.390E+00, 171
1727688617.9831123, 3.397E+00, 171
1727688618.0878856, 3.388E+00, 171
1727688619.1959507, 3.399E+00, 172
1727688619.3021312, 3.388E+00, 172
1727688619.4080586, 3.399E+00, 172
1727688619.5127325, 3.410E+00, 172
1727688619.615742, 3.421E+00, 172
1727688619.7188625, 3.414E+00, 172
1727688619.82161, 3.408E+00, 172
1727688619.9246438, 3.410E+00, 172
1727688620.0285604, 3.403E+00, 172
1727688620.1314328, 3.410E+00, 172
1727688621.2382908, 3.397E+00, 173
1727688621.3444917, 3.439E+00, 173
1727688621.449831, 3.421E+00, 173
1727688621.5553217, 3.439E+00, 173
1727688621.6609418, 3.428E+00, 173
1727688621.7641573, 3.430E+00, 173
1727688621.8701103, 3.437E+00, 173
1727688621.9744265, 3.437E+00, 173
1727688622.080223, 3.435E+00, 173
1727688622.1849668, 3.428E+00, 173
1727688623.293, 3.441E+00, 174
1727688623.399762, 3.461E+00, 174
1727688623.5044947, 3.444E+00, 174
1727688623.6096187, 3.448E+00, 174
1727688623.7145116, 3.439E+00, 174
1727688623.8202975, 3.450E+00, 174
1727688623.9259508, 3.437E+00, 174
1727688624.030994, 3.468E+00, 174
1727688624.135663, 3.444E+00, 174
1727688624.2385137, 3.441E+00, 174
1727688625.3469958, 3.441E+00, 175
1727688625.4523518, 3.479E+00, 175
1727688625.5595706, 3.470E+00, 175
1727688625.6640515, 3.475E+00, 175
1727688625.770479, 3.461E+00, 175
1727688625.8766453, 3.459E+00, 175
1727688625.980293, 3.459E+00, 175
1727688626.0859404, 3.466E+00, 175
1727688626.189373, 3.477E+00, 175
1727688626.2919407, 3.470E+00, 175
1727688627.397393, 3.459E+00, 176
1727688627.501358, 3.491E+00, 176
1727688627.6049926, 3.491E+00, 176
1727688627.7094307, 3.486E+00, 176
1727688627.8155603, 3.484E+00, 176
1727688627.9193957, 3.477E+00, 176
1727688628.0249932, 3.486E+00, 176
1727688628.1298125, 3.488E+00, 176
1727688628.2330282, 3.482E+00, 176
1727688628.335758, 3.481E+00, 176
1727688629.4429696, 3.488E+00, 177
1727688629.5506058, 3.502E+00, 177
1727688629.6563227, 3.504E+00, 177
1727688629.7608569, 3.506E+00, 177
1727688629.8639376, 3.497E+00, 177
1727688629.9710164, 3.502E+00, 177
1727688630.0737984, 3.506E+00, 177
1727688630.179362, 3.511E+00, 177
1727688630.28454, 3.504E+00, 177
1727688630.3917625, 3.493E+00, 177
1727688631.4981573, 3.504E+00, 178
1727688631.60617, 3.533E+00, 178
1727688631.7117796, 3.517E+00, 178
1727688631.8158092, 3.520E+00, 178
1727688631.9197052, 3.517E+00, 178
1727688632.023898, 3.542E+00, 178
1727688632.126903, 3.526E+00, 178
1727688632.2303085, 3.526E+00, 178
1727688632.3361804, 3.531E+00, 178
1727688632.4441876, 3.520E+00, 178
1727688633.5476131, 3.511E+00, 179
1727688633.6514194, 3.537E+00, 179
1727688633.7613149, 3.549E+00, 179
1727688633.8641407, 3.551E+00, 179
1727688633.9681144, 3.531E+00, 179
1727688634.0728238, 3.540E+00, 179
1727688634.1766784, 3.537E+00, 179
1727688634.282357, 3.535E+00, 179
1727688634.3862343, 3.544E+00, 179
1727688634.4925785, 3.551E+00, 179
1727688635.5989842, 3.538E+00, 180
1727688635.7033763, 3.546E+00, 180
1727688635.8080108, 3.571E+00, 180
1727688635.9111674, 3.560E+00, 180
1727688636.0179975, 3.564E+00, 180
1727688636.1214495, 3.558E+00, 180
1727688636.2254462, 3.558E+00, 180
1727688636.3280299, 3.580E+00, 180
1727688636.4335372, 3.567E+00, 180
1727688636.5387478, 3.567E+00, 180
1727688637.6459024, 3.569E+00, 181
1727688637.749246, 3.558E+00, 181
1727688637.8543124, 3.573E+00, 181
1727688637.9577367, 3.591E+00, 181
1727688638.0634491, 3.587E+00, 181
1727688638.1669438, 3.573E+00, 181
1727688638.2704992, 3.593E+00, 181
1727688638.3747423, 3.589E+00, 181
1727688638.479857, 3.573E+00, 181
1727688638.5853112, 3.580E+00, 181
1727688639.6910682, 3.585E+00, 182
1727688639.794994, 3.605E+00, 182
1727688639.9003847, 3.614E+00, 182
1727688640.0047119, 3.600E+00, 182
1727688640.1070557, 3.596E+00, 182
1727688640.2131011, 3.600E+00, 182
1727688640.3187401, 3.605E+00, 182
1727688640.4212108, 3.591E+00, 182
1727688640.5286918, 3.600E+00, 182
1727688640.6318645, 3.609E+00, 182
1727688641.738305, 3.598E+00, 183
1727688641.8410237, 3.613E+00, 183
1727688641.9448438, 3.618E+00, 183
1727688642.0479538, 3.622E+00, 183
1727688642.152214, 3.618E+00, 183
1727688642.257519, 3.627E+00, 183
1727688642.3611224, 3.614E+00, 183
1727688642.46496, 3.625E+00, 183
1727688642.570739, 3.616E+00, 183
1727688642.674011, 3.636E+00, 183
1727688643.7814722, 3.629E+00, 184
1727688643.8913236, 3.614E+00, 184
1727688643.994247, 3.631E+00, 184
1727688644.0975354, 3.638E+00, 184
1727688644.203782, 3.640E+00, 184
1727688644.307085, 3.649E+00, 184
1727688644.4121978, 3.640E+00, 184
1727688644.5148091, 3.640E+00, 184
1727688644.6187298, 3.638E+00, 184
1727688644.7220016, 3.641E+00, 184
1727688645.8276932, 3.631E+00, 185
1727688645.9325619, 3.652E+00, 185
1727688646.0383065, 3.649E+00, 185
1727688646.1419353, 3.654E+00, 185
1727688646.244686, 3.661E+00, 185
1727688646.3488228, 3.652E+00, 185
1727688646.452686, 3.654E+00, 185
1727688646.5552626, 3.661E+00, 185
1727688646.6587265, 3.663E+00, 185
1727688646.762342, 3.656E+00, 185
1727688647.8679094, 3.654E+00, 186
1727688647.9708142, 3.647E+00, 186
1727688648.0734236, 3.674E+00, 186
1727688648.175774, 3.669E+00, 186
1727688648.2797961, 3.683E+00, 186
1727688648.3863022, 3.672E+00, 186
1727688648.4930189, 3.678E+00, 186
1727688648.5977378, 3.683E+00, 186
1727688648.7030709, 3.674E+00, 186
1727688648.8066926, 3.687E+00, 186
1727688649.909953, 3.667E+00, 187
1727688650.0128224, 3.687E+00, 187
1727688650.1192586, 3.690E+00, 187
1727688650.2222323, 3.692E+00, 187
1727688650.3262503, 3.703E+00, 187
1727688650.4321344, 3.694E+00, 187
1727688650.5380092, 3.692E+00, 187
1727688650.6445525, 3.699E+00, 187
1727688650.7483141, 3.701E+00, 187
1727688650.8510423, 3.696E+00, 187
1727688651.9598553, 3.690E+00, 188
1727688652.0637221, 3.701E+00, 188
1727688652.1714044, 3.694E+00, 188
1727688652.274512, 3.721E+00, 188
1727688652.3804905, 3.710E+00, 188
1727688652.4854648, 3.705E+00, 188
1727688652.5887544, 3.714E+00, 188
1727688652.6925702, 3.719E+00, 188
1727688652.7959867, 3.721E+00, 188
1727688652.9009235, 3.708E+00, 188
1727688654.0075264, 3.712E+00, 189
1727688654.1165533, 3.714E+00, 189
1727688654.2194912, 3.739E+00, 189
1727688654.3218055, 3.737E+00, 189
1727688654.4268496, 3.752E+00, 189
1727688654.5336728, 3.730E+00, 189
1727688654.63779, 3.721E+00, 189
1727688654.7435062, 3.741E+00, 189
1727688654.8464487, 3.741E+00, 189
1727688654.949872, 3.732E+00, 189
1727688656.0578353, 3.739E+00, 190
1727688656.163323, 3.723E+00, 190
1727688656.2703578, 3.748E+00, 190
1727688656.3732567, 3.750E+00, 190
1727688656.4764738, 3.761E+00, 190
1727688656.5813258, 3.748E+00, 190
1727688656.685174, 3.752E+00, 190
1727688656.7898443, 3.768E+00, 190
1727688656.8946059, 3.759E+00, 190
1727688656.99728, 3.750E+00, 190
1727688658.103729, 3.748E+00, 191
1727688658.2088568, 3.755E+00, 191
1727688658.312052, 3.773E+00, 191
1727688658.4145806, 3.777E+00, 191
1727688658.516993, 3.768E+00, 191
1727688658.6207173, 3.777E+00, 191
1727688658.7244325, 3.779E+00, 191
1727688658.8278594, 3.775E+00, 191
1727688658.9321404, 3.761E+00, 191
1727688659.0342982, 3.772E+00, 191
1727688660.1411536, 3.775E+00, 192
1727688660.2468219, 3.772E+00, 192
1727688660.3509645, 3.797E+00, 192
1727688660.4557781, 3.790E+00, 192
1727688660.5606027, 3.790E+00, 192
1727688660.663576, 3.801E+00, 192
1727688660.7673852, 3.797E+00, 192
1727688660.8698857, 3.799E+00, 192
1727688660.9757502, 3.788E+00, 192
1727688661.0779352, 3.786E+00, 192
1727688662.185266, 3.781E+00, 193
1727688662.2925937, 3.784E+00, 193
1727688662.3966954, 3.822E+00, 193
1727688662.5019243, 3.813E+00, 193
1727688662.6087992, 3.819E+00, 193
1727688662.713367, 3.808E+00, 193
1727688662.8170514, 3.828E+00, 193
1727688662.920283, 3.801E+00, 193
1727688663.0263574, 3.810E+00, 193
1727688663.1294823, 3.813E+00, 193
1727688664.2361636, 3.804E+00, 194
1727688664.340088, 3.817E+00, 194
1727688664.4455612, 3.831E+00, 194
1727688664.5489657, 3.824E+00, 194
1727688664.6550024, 3.828E+00, 194
1727688664.7645986, 3.817E+00, 194
1727688664.8674304, 3.822E+00, 194
1727688664.973629, 3.833E+00, 194
1727688665.0766146, 3.844E+00, 194
1727688665.1790986, 3.839E+00, 194
1727688666.2882972, 3.835E+00, 195
1727688666.398044, 3.851E+00, 195
1727688666.50186, 3.849E+00, 195
1727688666.6058547, 3.853E+00, 195
1727688666.7105787, 3.849E+00, 195
1727688666.8138657, 3.846E+00, 195
1727688666.9196618, 3.844E+00, 195
1727688667.0222354, 3.851E+00, 195
1727688667.1245615, 3.851E+00, 195
1727688667.229741, 3.849E+00, 195
1727688668.3346148, 3.844E+00, 196
1727688668.4399524, 3.878E+00, 196
1727688668.544513, 3.857E+00, 196
1727688668.647751, 3.864E+00, 196
1727688668.7514653, 3.862E+00, 196
1727688668.8573537, 3.866E+00, 196
1727688668.9618287, 3.873E+00, 196
1727688669.0647771, 3.869E+00, 196
1727688669.1692595, 3.871E+00, 196
1727688669.2749646, 3.875E+00, 196
1727688670.380524, 3.875E+00, 197
1727688670.4838767, 3.871E+00, 197
1727688670.5870247, 3.884E+00, 197
1727688670.6924095, 3.887E+00, 197
1727688670.7969742, 3.882E+00, 197
1727688670.8992345, 3.884E+00, 197
1727688671.002803, 3.884E+00, 197
1727688671.1078248, 3.882E+00, 197
1727688671.2103667, 3.882E+00, 197
1727688671.3141801, 3.875E+00, 197
1727688672.4225085, 3.898E+00, 198
1727688672.5276852, 3.893E+00, 198
1727688672.63221, 3.902E+00, 198
1727688672.735559, 3.898E+00, 198
1727688672.8402858, 3.900E+00, 198
1727688672.943508, 3.913E+00, 198
1727688673.0467403, 3.916E+00, 198
1727688673.1496031, 3.904E+00, 198
1727688673.2540622, 3.916E+00, 198
1727688673.359666, 3.909E+00, 198
1727688674.4646132, 3.907E+00, 199
1727688674.5699794, 3.902E+00, 199
1727688674.673723, 3.927E+00, 199
1727688674.776639, 3.918E+00, 199
1727688674.8824005, 3.927E+00, 199
1727688674.9873126, 3.918E+00, 199
1727688675.0923254, 3.916E+00, 199
1727688675.1965683, 3.922E+00, 199
1727688675.3013246, 3.936E+00, 199
1727688675.4061723, 3.931E+00, 199
1727688676.512028, 3.934E+00, 200
1727688676.6151245, 3.938E+00, 200
1727688676.7202659, 3.933E+00, 200
1727688676.8234398, 3.942E+00, 200
1727688676.929489, 3.938E+00, 200
1727688677.0319164, 3.947E+00, 200
1727688677.1372204, 3.947E+00, 200
1727688677.2431383, 3.936E+00, 200
1727688677.3479803, 3.945E+00, 200
1727688677.453881, 3.943E+00, 200
1727688678.558144, 3.942E+00, 201
1727688678.6623735, 3.967E+00, 201
1727688678.7655914, 3.972E+00, 201
1727688678.8699796, 3.969E+00, 201
1727688678.9733102, 3.967E+00, 201
1727688679.0780516, 3.960E+00, 201
1727688679.1825082, 3.963E+00, 201
1727688679.2878454, 3.958E+00, 201
1727688679.3926694, 3.963E+00, 201
1727688679.4974353, 3.972E+00, 201
1727688680.6033943, 3.972E+00, 202
1727688680.7075703, 3.960E+00, 202
1727688680.8127296, 3.989E+00, 202
1727688680.9181757, 3.985E+00, 202
1727688681.020753, 3.978E+00, 202
1727688681.127263, 3.983E+00, 202
1727688681.2307134, 3.987E+00, 202
1727688681.3358214, 3.978E+00, 202
1727688681.4385922, 3.978E+00, 202
1727688681.5428095, 3.981E+00, 202
1727688682.6496823, 3.976E+00, 203
1727688682.753655, 3.989E+00, 203
1727688682.8579743, 3.974E+00, 203
1727688682.9654436, 4.001E+00, 203
1727688683.0695684, 4.003E+00, 203
1727688683.172291, 3.998E+00, 203
1727688683.278743, 4.003E+00, 203
1727688683.3835526, 4.012E+00, 203
1727688683.4887652, 3.998E+00, 203
1727688683.5941293, 4.014E+00, 203
1727688684.7010262, 4.001E+00, 204
1727688684.8053489, 4.010E+00, 204
1727688684.9125204, 4.021E+00, 204
1727688685.0195947, 4.023E+00, 204
1727688685.123679, 4.010E+00, 204
1727688685.2287736, 4.032E+00, 204
1727688685.3337886, 4.012E+00, 204
1727688685.4389417, 4.012E+00, 204
1727688685.5433898, 4.032E+00, 204
1727688685.6474867, 4.023E+00, 204
1727688686.7548282, 4.019E+00, 205
1727688686.8608186, 4.019E+00, 205
1727688686.965281, 4.037E+00, 205
1727688687.067938, 4.036E+00, 205
1727688687.1701248, 4.048E+00, 205
1727688687.276165, 4.045E+00, 205
1727688687.3811445, 4.043E+00, 205
1727688687.4876356, 4.039E+00, 205
1727688687.590261, 4.041E+00, 205
1727688687.6962292, 4.041E+00, 205
1727688688.8041222, 4.048E+00, 206
1727688688.9079132, 4.037E+00, 206
1727688689.0118525, 4.070E+00, 206
1727688689.117179, 4.057E+00, 206
1727688689.2203228, 4.048E+00, 206
1727688689.326273, 4.063E+00, 206
1727688689.4327977, 4.052E+00, 206
1727688689.5391748, 4.043E+00, 206
1727688689.6443806, 4.057E+00, 206
1727688689.7485738, 4.054E+00, 206
1727688690.8540258, 4.059E+00, 207
1727688690.9581335, 4.061E+00, 207
1727688691.0616636, 4.079E+00, 207
1727688691.1653585, 4.077E+00, 207
1727688691.2692199, 4.079E+00, 207
1727688691.3759646, 4.077E+00, 207
1727688691.479189, 4.081E+00, 207
1727688691.5842345, 4.072E+00, 207
1727688691.68815, 4.079E+00, 207
1727688691.7920809, 4.079E+00, 207
1727688692.8994536, 4.077E+00, 208
1727688693.0037777, 4.088E+00, 208
1727688693.1088893, 4.106E+00, 208
1727688693.2132282, 4.095E+00, 208
1727688693.3164155, 4.095E+00, 208
1727688693.4195702, 4.106E+00, 208
1727688693.5314455, 4.108E+00, 208
1727688693.634954, 4.097E+00, 208
1727688693.7385728, 4.097E+00, 208
1727688693.8436177, 4.115E+00, 208
1727688694.9530096, 4.106E+00, 209
1727688695.0571837, 4.110E+00, 209
1727688695.161697, 4.124E+00, 209
1727688695.265598, 4.117E+00, 209
1727688695.3683078, 4.110E+00, 209
1727688695.471151, 4.117E+00, 209
1727688695.572361, 4.119E+00, 209
1727688695.6810572, 4.115E+00, 209
1727688695.7858064, 4.115E+00, 209
1727688695.890604, 4.121E+00, 209
1727688696.9945147, 4.117E+00, 210
1727688697.1003911, 4.139E+00, 210
1727688697.2041159, 4.133E+00, 210
1727688697.3088007, 4.139E+00, 210
1727688697.4125497, 4.133E+00, 210
1727688697.5204594, 4.137E+00, 210
1727688697.6261828, 4.146E+00, 210
1727688697.733891, 4.137E+00, 210
1727688697.8396955, 4.148E+00, 210
1727688697.9425867, 4.135E+00, 210
1727688699.0472288, 4.135E+00, 211
1727688699.1523566, 4.119E+00, 211
1727688699.2582986, 4.160E+00, 211
1727688699.3620493, 4.148E+00, 211
1727688699.4677715, 4.159E+00, 211
1727688699.5724905, 4.153E+00, 211
1727688699.677308, 4.151E+00, 211
1727688699.780199, 4.153E+00, 211
1727688699.8848865, 4.153E+00, 211
1727688699.9866424, 4.157E+00, 211
1727688701.0957265, 4.153E+00, 212
1727688701.201764, 4.162E+00, 212
1727688701.3034601, 4.175E+00, 212
1727688701.4072113, 4.169E+00, 212
1727688701.5099077, 4.166E+00, 212
1727688701.6148398, 4.164E+00, 212
1727688701.7206862, 4.173E+00, 212
1727688701.8254027, 4.171E+00, 212
1727688701.9311216, 4.169E+00, 212
1727688702.0358372, 4.177E+00, 212
1727688703.142195, 4.175E+00, 213
1727688703.2471132, 4.200E+00, 213
1727688703.3490238, 4.189E+00, 213
1727688703.4567354, 4.202E+00, 213
1727688703.562454, 4.195E+00, 213
1727688703.669433, 4.189E+00, 213
1727688703.7744966, 4.198E+00, 213
1727688703.876218, 4.191E+00, 213
1727688703.9789152, 4.209E+00, 213
1727688704.0817623, 4.186E+00, 213
1727688705.1853495, 4.193E+00, 214
1727688705.2908142, 4.200E+00, 214
1727688705.3943977, 4.213E+00, 214
1727688705.4959903, 4.207E+00, 214
1727688705.5997598, 4.222E+00, 214
1727688705.702095, 4.218E+00, 214
1727688705.804931, 4.207E+00, 214
1727688705.9101071, 4.213E+00, 214
1727688706.0193727, 4.218E+00, 214
1727688706.1231046, 4.213E+00, 214
1727688707.22769, 4.213E+00, 215
1727688707.3315632, 4.215E+00, 215
1727688707.433943, 4.242E+00, 215
1727688707.5358696, 4.229E+00, 215
1727688707.6395793, 4.227E+00, 215
1727688707.7423975, 4.242E+00, 215
1727688707.8451495, 4.236E+00, 215
1727688707.9498663, 4.224E+00, 215
1727688708.0528119, 4.224E+00, 215
1727688708.1579318, 4.220E+00, 215
1727688709.2648685, 4.227E+00, 216
1727688709.3691854, 4.224E+00, 216
1727688709.4724867, 4.240E+00, 216
1727688709.5773916, 4.249E+00, 216
1727688709.6801999, 4.251E+00, 216
1727688709.7854803, 4.242E+00, 216
1727688709.891432, 4.256E+00, 216
1727688709.9949703, 4.245E+00, 216
1727688710.0993521, 4.247E+00, 216
1727688710.2025764, 4.276E+00, 216
1727688711.3089824, 4.249E+00, 217
1727688711.4133508, 4.274E+00, 217
1727688711.5183122, 4.265E+00, 217
1727688711.6254413, 4.274E+00, 217
1727688711.7304354, 4.263E+00, 217
1727688711.8333898, 4.267E+00, 217
1727688711.93928, 4.274E+00, 217
1727688712.044687, 4.274E+00, 217
1727688712.1502862, 4.269E+00, 217
1727688712.2553103, 4.271E+00, 217
1727688713.360887, 4.269E+00, 218
1727688713.4635093, 4.280E+00, 218
1727688713.5682502, 4.283E+00, 218
1727688713.6710098, 4.283E+00, 218
1727688713.7790115, 4.287E+00, 218
1727688713.8842916, 4.294E+00, 218
1727688713.9884863, 4.287E+00, 218
1727688714.090968, 4.283E+00, 218
1727688714.1941247, 4.296E+00, 218
1727688714.3028, 4.296E+00, 218
1727688715.4097269, 4.300E+00, 219
1727688715.5129216, 4.298E+00, 219
1727688715.6177132, 4.309E+00, 219
1727688715.7236216, 4.309E+00, 219
1727688715.827801, 4.309E+00, 219
1727688715.9313686, 4.314E+00, 219
1727688716.0359504, 4.316E+00, 219
1727688716.1385345, 4.316E+00, 219
1727688716.241663, 4.314E+00, 219
1727688716.3475227, 4.305E+00, 219
1727688717.4538193, 4.309E+00, 220
1727688717.5574265, 4.327E+00, 220
1727688717.6605508, 4.339E+00, 220
1727688717.7665908, 4.323E+00, 220
1727688717.8763697, 4.345E+00, 220
1727688717.9794645, 4.318E+00, 220
1727688718.0838203, 4.325E+00, 220
1727688718.1885226, 4.321E+00, 220
1727688718.2913427, 4.327E+00, 220
1727688718.3967087, 4.330E+00, 220
1727688719.5027435, 4.332E+00, 221
1727688719.6111119, 4.338E+00, 221
1727688719.714496, 4.343E+00, 221
1727688719.8193192, 4.336E+00, 221
1727688719.9236248, 4.347E+00, 221
1727688720.0258944, 4.341E+00, 221
1727688720.1315749, 4.352E+00, 221
1727688720.2388465, 4.354E+00, 221
1727688720.3429606, 4.343E+00, 221
1727688720.4459229, 4.354E+00, 221
1727688721.5499184, 4.339E+00, 222
1727688721.6536224, 4.347E+00, 222
1727688721.7574408, 4.359E+00, 222
1727688721.861242, 4.361E+00, 222
1727688721.9626443, 4.372E+00, 222
1727688722.066545, 4.379E+00, 222
1727688722.1720254, 4.359E+00, 222
1727688722.2762744, 4.356E+00, 222
1727688722.3798053, 4.356E+00, 222
1727688722.4823484, 4.370E+00, 222
1727688723.5895903, 4.363E+00, 223
1727688723.692723, 4.357E+00, 223
1727688723.7967916, 4.383E+00, 223
1727688723.9007275, 4.388E+00, 223
1727688724.003966, 4.386E+00, 223
1727688724.1088474, 4.383E+00, 223
1727688724.2125766, 4.379E+00, 223
1727688724.3148928, 4.377E+00, 223
1727688724.4207504, 4.390E+00, 223
1727688724.5254343, 4.394E+00, 223
1727688725.6323023, 4.381E+00, 224
1727688725.7371688, 4.406E+00, 224
1727688725.8419676, 4.401E+00, 224
1727688725.946831, 4.397E+00, 224
1727688726.0519822, 4.401E+00, 224
1727688726.156841, 4.408E+00, 224
1727688726.259616, 4.415E+00, 224
1727688726.3628864, 4.397E+00, 224
1727688726.464374, 4.410E+00, 224
1727688726.5675807, 4.410E+00, 224
1727688727.6756566, 4.401E+00, 225
1727688727.7793589, 4.401E+00, 225
1727688727.888101, 4.412E+00, 225
1727688727.9920228, 4.426E+00, 225
1727688728.0953438, 4.419E+00, 225
1727688728.2050228, 4.421E+00, 225
1727688728.307354, 4.415E+00, 225
1727688728.421023, 4.423E+00, 225
1727688728.5251098, 4.426E+00, 225
1727688728.6286936, 4.423E+00, 225
1727688729.7360687, 4.428E+00, 226
1727688729.8396258, 4.426E+00, 226
1727688729.9449172, 4.446E+00, 226
1727688730.049859, 4.448E+00, 226
1727688730.152734, 4.437E+00, 226
1727688730.2576509, 4.446E+00, 226
1727688730.3636162, 4.448E+00, 226
1727688730.4673066, 4.444E+00, 226
1727688730.5697696, 4.446E+00, 226
1727688730.6730564, 4.450E+00, 226
1727688731.7791636, 4.450E+00, 227
1727688731.8831859, 4.441E+00, 227
1727688731.9883902, 4.441E+00, 227
1727688732.0911434, 4.468E+00, 227
1727688732.193774, 4.459E+00, 227
1727688732.2984166, 4.466E+00, 227
1727688732.402078, 4.455E+00, 227
1727688732.5081525, 4.459E+00, 227
1727688732.61065, 4.471E+00, 227
1727688732.712721, 4.466E+00, 227
1727688733.819169, 4.464E+00, 228
1727688733.9240148, 4.466E+00, 228
1727688734.028537, 4.471E+00, 228
1727688734.1348228, 4.484E+00, 228
1727688734.2385378, 4.482E+00, 228
1727688734.3419144, 4.471E+00, 228
1727688734.4484358, 4.482E+00, 228
1727688734.5528398, 4.477E+00, 228
1727688734.655942, 4.475E+00, 228
1727688734.7586474, 4.475E+00, 228
1727688735.863969, 4.482E+00, 229
1727688735.9690106, 4.493E+00, 229
1727688736.073778, 4.504E+00, 229
1727688736.1766171, 4.495E+00, 229
1727688736.281398, 4.504E+00, 229
1727688736.386518, 4.502E+00, 229
1727688736.4916947, 4.493E+00, 229
1727688736.5967855, 4.504E+00, 229
1727688736.6998897, 4.502E+00, 229
1727688736.8057203, 4.495E+00, 229
1727688737.9120626, 4.502E+00, 230
1727688738.0158994, 4.500E+00, 230
1727688738.1186252, 4.506E+00, 230
1727688738.221477, 4.526E+00, 230
1727688738.3250248, 4.526E+00, 230
1727688738.4286013, 4.513E+00, 230
1727688738.5326807, 4.515E+00, 230
1727688738.6368477, 4.517E+00, 230
1727688738.7388554, 4.529E+00, 230
1727688738.8422751, 4.531E+00, 230
1727688739.9479687, 4.506E+00, 231
1727688740.0526545, 4.515E+00, 231
1727688740.1556826, 4.520E+00, 231
1727688740.2585313, 4.540E+00, 231
1727688740.3625114, 4.538E+00, 231
1727688740.4674387, 4.544E+00, 231
1727688740.572963, 4.540E+00, 231
1727688740.6758, 4.542E+00, 231
1727688740.780373, 4.531E+00, 231
1727688740.8837438, 4.547E+00, 231
1727688741.9887383, 4.529E+00, 232
1727688742.0938444, 4.571E+00, 232
1727688742.1981359, 4.553E+00, 232
1727688742.303507, 4.562E+00, 232
1727688742.4073155, 4.556E+00, 232
1727688742.5102787, 4.567E+00, 232
1727688742.6137595, 4.549E+00, 232
1727688742.7174857, 4.562E+00, 232
1727688742.8205884, 4.558E+00, 232
1727688742.9242492, 4.549E+00, 232
1727688744.0272717, 4.560E+00, 233
1727688744.136103, 4.582E+00, 233
1727688744.242381, 4.576E+00, 233
1727688744.347651, 4.576E+00, 233
1727688744.4502108, 4.573E+00, 233
1727688744.5560598, 4.578E+00, 233
1727688744.6633031, 4.578E+00, 233
1727688744.7662406, 4.582E+00, 233
1727688744.869427, 4.564E+00, 233
1727688744.9726634, 4.591E+00, 233
1727688746.0808985, 4.594E+00, 234
1727688746.1854281, 4.582E+00, 234
1727688746.2920709, 4.594E+00, 234
1727688746.3984334, 4.596E+00, 234
1727688746.501846, 4.603E+00, 234
1727688746.6090107, 4.603E+00, 234
1727688746.71788, 4.596E+00, 234
1727688746.823043, 4.600E+00, 234
1727688746.9300628, 4.600E+00, 234
1727688747.0354345, 4.596E+00, 234
1727688748.13935, 4.609E+00, 235
1727688748.2436578, 4.607E+00, 235
1727688748.3476472, 4.620E+00, 235
1727688748.4504986, 4.611E+00, 235
1727688748.5545614, 4.605E+00, 235
1727688748.6608474, 4.607E+00, 235
1727688748.765888, 4.611E+00, 235
1727688748.8687778, 4.614E+00, 235
1727688748.973127, 4.616E+00, 235
1727688749.0782773, 4.609E+00, 235
1727688750.187351, 4.618E+00, 236
1727688750.2901983, 4.632E+00, 236
1727688750.3941624, 4.652E+00, 236
1727688750.5005908, 4.620E+00, 236
1727688750.6040075, 4.627E+00, 236
1727688750.7094188, 4.641E+00, 236
1727688750.8141203, 4.627E+00, 236
1727688750.9202125, 4.632E+00, 236
1727688751.0250576, 4.627E+00, 236
1727688751.1301844, 4.632E+00, 236
1727688752.2389011, 4.621E+00, 237
1727688752.3449612, 4.634E+00, 237
1727688752.4489868, 4.661E+00, 237
1727688752.5528047, 4.656E+00, 237
1727688752.65664, 4.652E+00, 237
1727688752.7613633, 4.650E+00, 237
1727688752.865998, 4.654E+00, 237
1727688752.971781, 4.656E+00, 237
1727688753.0740762, 4.663E+00, 237
1727688753.1768181, 4.654E+00, 237
1727688754.2914438, 4.638E+00, 238
1727688754.3970537, 4.658E+00, 238
1727688754.500466, 4.679E+00, 238
1727688754.6062913, 4.685E+00, 238
1727688754.7098935, 4.674E+00, 238
1727688754.815478, 4.679E+00, 238
1727688754.9184513, 4.667E+00, 238
1727688755.0250263, 4.679E+00, 238
1727688755.130859, 4.685E+00, 238
1727688755.2355487, 4.672E+00, 238
1727688756.340256, 4.692E+00, 239
1727688756.443587, 4.683E+00, 239
1727688756.5459373, 4.694E+00, 239
1727688756.650011, 4.690E+00, 239
1727688756.753501, 4.697E+00, 239
1727688756.857987, 4.688E+00, 239
1727688756.96079, 4.690E+00, 239
1727688757.063986, 4.699E+00, 239
1727688757.1686165, 4.699E+00, 239
1727688757.2713416, 4.705E+00, 239
1727688758.387123, 4.692E+00, 240
1727688758.4896348, 4.705E+00, 240
1727688758.5925705, 4.712E+00, 240
1727688758.6954901, 4.708E+00, 240
1727688758.8008616, 4.699E+00, 240
1727688758.9036732, 4.703E+00, 240
1727688759.0073416, 4.710E+00, 240
1727688759.1126795, 4.712E+00, 240
1727688759.217094, 4.703E+00, 240
1727688759.3218484, 4.705E+00, 240
1727688760.4276218, 4.710E+00, 241
1727688760.533198, 4.714E+00, 241
1727688760.6359222, 4.735E+00, 241
1727688760.7387128, 4.730E+00, 241
1727688760.8431058, 4.730E+00, 241
1727688760.9456134, 4.728E+00, 241
1727688761.0508945, 4.732E+00, 241
1727688761.156319, 4.728E+00, 241
1727688761.2601345, 4.730E+00, 241
1727688761.3629358, 4.735E+00, 241
1727688762.4716341, 4.728E+00, 242
1727688762.5742533, 4.728E+00, 242
1727688762.6814837, 4.746E+00, 242
1727688762.785267, 4.753E+00, 242
1727688762.8887029, 4.750E+00, 242
1727688762.9949734, 4.732E+00, 242
1727688763.0989115, 4.757E+00, 242
1727688763.2033617, 4.748E+00, 242
1727688763.3082192, 4.755E+00, 242
1727688763.4150534, 4.752E+00, 242
1727688764.5218122, 4.761E+00, 243
1727688764.6253643, 4.746E+00, 243
1727688764.730733, 4.773E+00, 243
1727688764.8333368, 4.773E+00, 243
1727688764.9376705, 4.761E+00, 243
1727688765.0433364, 4.757E+00, 243
1727688765.148187, 4.777E+00, 243
1727688765.254369, 4.759E+00, 243
1727688765.3600664, 4.773E+00, 243
1727688765.4647517, 4.766E+00, 243
1727688766.5716925, 4.761E+00, 244
1727688766.6761775, 4.777E+00, 244
1727688766.779425, 4.779E+00, 244
1727688766.8828256, 4.799E+00, 244
1727688766.986829, 4.791E+00, 244
1727688767.0926695, 4.795E+00, 244
1727688767.1984026, 4.777E+00, 244
1727688767.3015451, 4.782E+00, 244
1727688767.4053266, 4.795E+00, 244
1727688767.5087838, 4.797E+00, 244
1727688768.6156943, 4.779E+00, 245
1727688768.7187474, 4.779E+00, 245
1727688768.8242254, 4.799E+00, 245
1727688768.9315708, 4.804E+00, 245
1727688769.033913, 4.808E+00, 245
1727688769.138944, 4.799E+00, 245
1727688769.2446463, 4.815E+00, 245
1727688769.3502135, 4.811E+00, 245
1727688769.4530034, 4.804E+00, 245
1727688769.5562491, 4.804E+00, 245
1727688770.6643753, 4.813E+00, 246
1727688770.7691743, 4.802E+00, 246
1727688770.8721182, 4.813E+00, 246
1727688770.9758925, 4.829E+00, 246
1727688771.0786352, 4.824E+00, 246
1727688771.1856005, 4.831E+00, 246
1727688771.288587, 4.833E+00, 246
1727688771.392041, 4.840E+00, 246
1727688771.4948335, 4.817E+00, 246
1727688771.597202, 4.826E+00, 246
1727688772.7034452, 4.833E+00, 247
1727688772.809958, 4.849E+00, 247
1727688772.9147716, 4.851E+00, 247
1727688773.0187187, 4.844E+00, 247
1727688773.1223953, 4.831E+00, 247
1727688773.2256813, 4.849E+00, 247
1727688773.3302648, 4.840E+00, 247
1727688773.4360077, 4.840E+00, 247
1727688773.5409274, 4.844E+00, 247
1727688773.648002, 4.846E+00, 247
1727688774.7537022, 4.842E+00, 248
1727688774.8566103, 4.867E+00, 248
1727688774.9596684, 4.860E+00, 248
1727688775.0641713, 4.871E+00, 248
1727688775.1682637, 4.871E+00, 248
1727688775.270913, 4.846E+00, 248
1727688775.3742113, 4.860E+00, 248
1727688775.4790308, 4.860E+00, 248
1727688775.5836918, 4.867E+00, 248
1727688775.6878288, 4.864E+00, 248
1727688776.7923274, 4.867E+00, 249
1727688776.8964307, 4.855E+00, 249
1727688776.9988155, 4.880E+00, 249
1727688777.101509, 4.889E+00, 249
1727688777.2063875, 4.878E+00, 249
1727688777.3105278, 4.873E+00, 249
1727688777.414821, 4.885E+00, 249
1727688777.5193112, 4.891E+00, 249
1727688777.6220183, 4.887E+00, 249
1727688777.7248955, 4.878E+00, 249
1727688778.8307612, 4.896E+00, 250
1727688778.9342525, 4.902E+00, 250
1727688779.0380256, 4.900E+00, 250
1727688779.1404004, 4.902E+00, 250
1727688779.2431426, 4.900E+00, 250
1727688779.3460512, 4.896E+00, 250
1727688779.4477775, 4.902E+00, 250
1727688779.551534, 4.907E+00, 250
1727688779.6559505, 4.907E+00, 250
1727688779.7618775, 4.898E+00, 250
1727688780.8713844, 4.907E+00, 251
1727688780.9748578, 4.931E+00, 251
1727688781.0778697, 4.929E+00, 251
1727688781.1815364, 4.920E+00, 251
1727688781.287317, 4.920E+00, 251
1727688781.3930466, 4.916E+00, 251
1727688781.497645, 4.911E+00, 251
1727688781.6003807, 4.920E+00, 251
1727688781.7042537, 4.918E+00, 251
1727688781.8100245, 4.925E+00, 251
1727688782.9176612, 4.925E+00, 252
1727688783.0207644, 4.940E+00, 252
1727688783.1247067, 4.943E+00, 252
1727688783.2271159, 4.936E+00, 252
1727688783.333569, 4.934E+00, 252
1727688783.4405825, 4.947E+00, 252
1727688783.5470948, 4.947E+00, 252
1727688783.6521075, 4.952E+00, 252
1727688783.757768, 4.936E+00, 252
1727688783.861718, 4.940E+00, 252
1727688784.9691277, 4.945E+00, 253
1727688785.0731032, 4.951E+00, 253
1727688785.178836, 4.949E+00, 253
1727688785.283773, 4.965E+00, 253
1727688785.3871317, 4.976E+00, 253
1727688785.48973, 4.965E+00, 253
1727688785.5941446, 4.952E+00, 253
1727688785.698868, 4.961E+00, 253
1727688785.8051558, 4.967E+00, 253
1727688785.9095838, 4.956E+00, 253
1727688787.0175316, 4.961E+00, 254
1727688787.1215932, 4.947E+00, 254
1727688787.2271492, 4.974E+00, 254
1727688787.3342612, 4.978E+00, 254
1727688787.437469, 4.978E+00, 254
1727688787.5435252, 4.983E+00, 254
1727688787.6482506, 4.978E+00, 254
1727688787.7515502, 4.981E+00, 254
1727688787.8564472, 4.981E+00, 254
1727688787.9611778, 4.972E+00, 254
1727688789.0680108, 4.981E+00, 255
1727688789.1719751, 4.972E+00, 255
1727688789.2739446, 4.996E+00, 255
1727688789.380835, 4.999E+00, 255
1727688789.4845192, 4.994E+00, 255
1727688789.5891616, 4.996E+00, 255
1727688789.6918833, 5.001E+00, 255
1727688789.7952545, 5.003E+00, 255
1727688789.8975396, 4.996E+00, 255
1727688790.0021753, 5.003E+00, 255
1727688791.1092992, 4.990E+00, 256
1727688791.2113287, 4.994E+00, 256
1727688791.317367, 5.025E+00, 256
1727688791.4212189, 5.005E+00, 256
1727688791.5247173, 5.023E+00, 256
1727688791.6315923, 5.019E+00, 256
1727688791.7365322, 5.012E+00, 256
1727688791.8411338, 5.014E+00, 256
1727688791.9445662, 5.014E+00, 256
1727688792.0503035, 5.023E+00, 256
1727688793.1564443, 5.017E+00, 257
1727688793.2596517, 5.021E+00, 257
1727688793.362831, 5.034E+00, 257
1727688793.465703, 5.034E+00, 257
1727688793.5724635, 5.043E+00, 257
1727688793.6770687, 5.039E+00, 257
1727688793.7827852, 5.021E+00, 257
1727688793.8897135, 5.030E+00, 257
1727688793.9958262, 5.034E+00, 257
1727688794.0997367, 5.037E+00, 257
1727688795.2071733, 5.039E+00, 258
1727688795.3103285, 5.048E+00, 258
1727688795.4154694, 5.052E+00, 258
1727688795.5188653, 5.052E+00, 258
1727688795.6222515, 5.061E+00, 258
1727688795.7280922, 5.054E+00, 258
1727688795.8318286, 5.061E+00, 258
1727688795.9351048, 5.066E+00, 258
1727688796.0382404, 5.043E+00, 258
1727688796.1425953, 5.055E+00, 258
1727688797.2491057, 5.057E+00, 259
1727688797.3557057, 5.057E+00, 259
1727688797.459416, 5.072E+00, 259
1727688797.5628965, 5.075E+00, 259
1727688797.6676881, 5.084E+00, 259
1727688797.7705107, 5.077E+00, 259
1727688797.873961, 5.086E+00, 259
1727688797.9775891, 5.084E+00, 259
1727688798.0821645, 5.075E+00, 259
1727688798.1884966, 5.070E+00, 259
1727688799.2940285, 5.084E+00, 260
1727688799.3974154, 5.075E+00, 260
1727688799.4993868, 5.093E+00, 260
1727688799.602348, 5.093E+00, 260
1727688799.704765, 5.088E+00, 260
1727688799.8104842, 5.093E+00, 260
1727688799.9140122, 5.095E+00, 260
1727688800.0176656, 5.097E+00, 260
1727688800.1228092, 5.106E+00, 260
1727688800.226392, 5.101E+00, 260
1727688801.3305576, 5.093E+00, 261
1727688801.4348228, 5.095E+00, 261
1727688801.5397742, 5.113E+00, 261
1727688801.6455407, 5.101E+00, 261
1727688801.7496753, 5.113E+00, 261
1727688801.8563874, 5.110E+00, 261
1727688801.95964, 5.117E+00, 261
1727688802.0636759, 5.095E+00, 261
1727688802.1695316, 5.108E+00, 261
1727688802.2762437, 5.106E+00, 261
1727688803.3862693, 5.108E+00, 262
1727688803.4897683, 5.110E+00, 262
1727688803.5954733, 5.124E+00, 262
1727688803.702215, 5.117E+00, 262
1727688803.8069186, 5.133E+00, 262
1727688803.9106693, 5.135E+00, 262
1727688804.0183675, 5.133E+00, 262
1727688804.1236796, 5.131E+00, 262
1727688804.2277198, 5.137E+00, 262
1727688804.331378, 5.128E+00, 262
1727688805.4371314, 5.133E+00, 263
1727688805.5409873, 5.153E+00, 263
1727688805.6478336, 5.157E+00, 263
1727688805.7537034, 5.157E+00, 263
1727688805.8593879, 5.151E+00, 263
1727688805.9638813, 5.151E+00, 263
1727688806.068799, 5.144E+00, 263
1727688806.1736107, 5.144E+00, 263
1727688806.2814307, 5.142E+00, 263
1727688806.3845305, 5.155E+00, 263
1727688807.4914935, 5.153E+00, 264
1727688807.5957296, 5.142E+00, 264
1727688807.7007122, 5.164E+00, 264
1727688807.805301, 5.162E+00, 264
1727688807.9090514, 5.173E+00, 264
1727688808.0120175, 5.164E+00, 264
1727688808.115514, 5.160E+00, 264
1727688808.2208467, 5.173E+00, 264
1727688808.3286698, 5.180E+00, 264
1727688808.4327354, 5.164E+00, 264
1727688809.539921, 5.162E+00, 265
1727688809.6430972, 5.205E+00, 265
1727688809.7461774, 5.175E+00, 265
1727688809.8524587, 5.193E+00, 265
1727688809.957188, 5.189E+00, 265
1727688810.0603817, 5.193E+00, 265
1727688810.163111, 5.171E+00, 265
1727688810.267819, 5.182E+00, 265
1727688810.371944, 5.205E+00, 265
1727688810.4748325, 5.207E+00, 265
1727688811.580771, 5.182E+00, 266
1727688811.6843395, 5.207E+00, 266
1727688811.787361, 5.209E+00, 266
1727688811.8933215, 5.202E+00, 266
1727688811.99915, 5.209E+00, 266
1727688812.1028254, 5.211E+00, 266
1727688812.2087789, 5.211E+00, 266
1727688812.3099558, 5.204E+00, 266
1727688812.4147165, 5.207E+00, 266
1727688812.5184827, 5.204E+00, 266
1727688813.625467, 5.211E+00, 267
1727688813.7360396, 5.204E+00, 267
1727688813.8402326, 5.213E+00, 267
1727688813.9449885, 5.227E+00, 267
1727688814.0486698, 5.225E+00, 267
1727688814.1542995, 5.225E+00, 267
1727688814.2582445, 5.225E+00, 267
1727688814.3625996, 5.240E+00, 267
1727688814.4669104, 5.238E+00, 267
1727688814.5718317, 5.218E+00, 267
1727688815.682063, 5.222E+00, 268
1727688815.7852314, 5.225E+00, 268
1727688815.8907285, 5.254E+00, 268
1727688815.9976766, 5.242E+00, 268
1727688816.099555, 5.247E+00, 268
1727688816.2031748, 5.240E+00, 268
1727688816.3065226, 5.245E+00, 268
1727688816.4118545, 5.254E+00, 268
1727688816.517586, 5.256E+00, 268
1727688816.6205184, 5.256E+00, 268
1727688817.727817, 5.233E+00, 269
1727688817.8312843, 5.231E+00, 269
1727688817.9364169, 5.258E+00, 269
1727688818.0422454, 5.274E+00, 269
1727688818.1451077, 5.256E+00, 269
1727688818.248688, 5.280E+00, 269
1727688818.3551433, 5.269E+00, 269
1727688818.4609232, 5.274E+00, 269
1727688818.5635302, 5.256E+00, 269
1727688818.6664495, 5.269E+00, 269
1727688819.7735584, 5.267E+00, 270
1727688819.8789582, 5.267E+00, 270
1727688819.9858556, 5.301E+00, 270
1727688820.089953, 5.281E+00, 270
1727688820.1985192, 5.278E+00, 270
1727688820.3030355, 5.276E+00, 270
1727688820.405659, 5.301E+00, 270
1727688820.5102167, 5.289E+00, 270
1727688820.6174862, 5.289E+00, 270
1727688820.7215073, 5.276E+00, 270
1727688821.8274298, 5.294E+00, 271
1727688821.9295454, 5.292E+00, 271
1727688822.03434, 5.310E+00, 271
1727688822.1360817, 5.303E+00, 271
1727688822.2402537, 5.303E+00, 271
1727688822.3451612, 5.296E+00, 271
1727688822.448898, 5.307E+00, 271
1727688822.5554698, 5.305E+00, 271
1727688822.657985, 5.316E+00, 271
1727688822.7625265, 5.314E+00, 271
1727688823.86834, 5.307E+00, 272
1727688823.973098, 5.310E+00, 272
1727688824.0748158, 5.321E+00, 272
1727688824.1787903, 5.332E+00, 272
1727688824.284547, 5.327E+00, 272
1727688824.387555, 5.327E+00, 272
1727688824.4923499, 5.319E+00, 272
1727688824.59675, 5.319E+00, 272
1727688824.7027617, 5.321E+00, 272
1727688824.8054295, 5.321E+00, 272
1727688825.912193, 5.334E+00, 273
1727688826.0154252, 5.323E+00, 273
1727688826.121136, 5.350E+00, 273
1727688826.2260256, 5.348E+00, 273
1727688826.3323488, 5.336E+00, 273
1727688826.438985, 5.343E+00, 273
1727688826.543491, 5.343E+00, 273
1727688826.6463225, 5.334E+00, 273
1727688826.7500474, 5.339E+00, 273
1727688826.85385, 5.332E+00, 273
1727688827.9610827, 5.343E+00, 274
1727688828.0658066, 5.339E+00, 274
1727688828.1708555, 5.354E+00, 274
1727688828.2754447, 5.359E+00, 274
1727688828.3788083, 5.357E+00, 274
1727688828.4827716, 5.361E+00, 274
1727688828.5857985, 5.363E+00, 274
1727688828.6901708, 5.352E+00, 274
1727688828.7931697, 5.363E+00, 274
1727688828.8976717, 5.368E+00, 274
1727688830.0033643, 5.361E+00, 275
1727688830.1087162, 5.366E+00, 275
1727688830.2104435, 5.388E+00, 275
1727688830.3157623, 5.390E+00, 275
1727688830.420872, 5.368E+00, 275
1727688830.525235, 5.381E+00, 275
1727688830.6298442, 5.381E+00, 275
1727688830.7356973, 5.379E+00, 275
1727688830.8398867, 5.392E+00, 275
1727688830.9430912, 5.377E+00, 275
1727688832.0521166, 5.386E+00, 276
1727688832.157357, 5.377E+00, 276
1727688832.263144, 5.399E+00, 276
1727688832.3669372, 5.401E+00, 276
1727688832.472654, 5.404E+00, 276
1727688832.581676, 5.397E+00, 276
1727688832.6865542, 5.399E+00, 276
1727688832.7932699, 5.395E+00, 276
1727688832.8960915, 5.408E+00, 276
1727688833.0018907, 5.397E+00, 276
1727688834.1071527, 5.401E+00, 277
1727688834.2110534, 5.413E+00, 277
1727688834.3166082, 5.419E+00, 277
1727688834.4213321, 5.417E+00, 277
1727688834.52713, 5.419E+00, 277
1727688834.6305175, 5.415E+00, 277
1727688834.7361252, 5.419E+00, 277
1727688834.8410366, 5.410E+00, 277
1727688834.9438486, 5.413E+00, 277
1727688835.0476434, 5.417E+00, 277
1727688836.1578026, 5.413E+00, 278
1727688836.2605567, 5.444E+00, 278
1727688836.3638496, 5.448E+00, 278
1727688836.466788, 5.444E+00, 278
1727688836.5713637, 5.437E+00, 278
1727688836.678077, 5.455E+00, 278
1727688836.7814007, 5.428E+00, 278
1727688836.8835602, 5.433E+00, 278
1727688836.9872582, 5.430E+00, 278
1727688837.0898662, 5.442E+00, 278
1727688838.1949522, 5.451E+00, 279
1727688838.2977803, 5.433E+00, 279
1727688838.4005048, 5.453E+00, 279
1727688838.505262, 5.455E+00, 279
1727688838.6093016, 5.448E+00, 279
1727688838.7116718, 5.464E+00, 279
1727688838.8134274, 5.451E+00, 279
1727688838.9192235, 5.453E+00, 279
1727688839.0239446, 5.457E+00, 279
1727688839.128662, 5.455E+00, 279
1727688840.2335103, 5.455E+00, 280
1727688840.3380508, 5.468E+00, 280
1727688840.4402828, 5.466E+00, 280
1727688840.543974, 5.475E+00, 280
1727688840.647767, 5.469E+00, 280
1727688840.7513041, 5.475E+00, 280
1727688840.8542962, 5.475E+00, 280
1727688840.9580543, 5.471E+00, 280
1727688841.0637796, 5.464E+00, 280
1727688841.1686666, 5.475E+00, 280
1727688842.2736008, 5.466E+00, 281
1727688842.376868, 5.509E+00, 281
1727688842.4808068, 5.493E+00, 281
1727688842.5860536, 5.493E+00, 281
1727688842.6913192, 5.493E+00, 281
1727688842.7933476, 5.486E+00, 281
1727688842.8981519, 5.491E+00, 281
1727688843.0000348, 5.498E+00, 281
1727688843.1040983, 5.486E+00, 281
1727688843.207066, 5.493E+00, 281
1727688844.3126638, 5.504E+00, 282
1727688844.4171064, 5.500E+00, 282
1727688844.5217993, 5.504E+00, 282
1727688844.6257527, 5.511E+00, 282
1727688844.73163, 5.515E+00, 282
1727688844.8353515, 5.509E+00, 282
1727688844.940074, 5.524E+00, 282
1727688845.0427916, 5.513E+00, 282
1727688845.1483607, 5.515E+00, 282
1727688845.2524178, 5.507E+00, 282
1727688846.3603854, 5.515E+00, 283
1727688846.4648638, 5.509E+00, 283
1727688846.5683618, 5.527E+00, 283
1727688846.6734185, 5.533E+00, 283
1727688846.77745, 5.529E+00, 283
1727688846.8802886, 5.529E+00, 283
1727688846.9852366, 5.531E+00, 283
1727688847.0902915, 5.522E+00, 283
1727688847.1928596, 5.549E+00, 283
1727688847.299418, 5.527E+00, 283
1727688848.4036353, 5.540E+00, 284
1727688848.5063362, 5.540E+00, 284
1727688848.6134603, 5.551E+00, 284
1727688848.7178774, 5.562E+00, 284
1727688848.8229883, 5.553E+00, 284
1727688848.9257169, 5.553E+00, 284
1727688849.0317855, 5.553E+00, 284
1727688849.1360717, 5.549E+00, 284
1727688849.2410386, 5.551E+00, 284
1727688849.3467472, 5.549E+00, 284
1727688850.455475, 5.560E+00, 285
1727688850.5612607, 5.558E+00, 285
1727688850.6649354, 5.565E+00, 285
1727688850.767279, 5.562E+00, 285
1727688850.870672, 5.580E+00, 285
1727688850.976387, 5.578E+00, 285
1727688851.081125, 5.567E+00, 285
1727688851.187156, 5.567E+00, 285
1727688851.2916567, 5.576E+00, 285
1727688851.3956032, 5.574E+00, 285
1727688852.5013983, 5.569E+00, 286
1727688852.6067853, 5.576E+00, 286
1727688852.7117937, 5.583E+00, 286
1727688852.8158734, 5.589E+00, 286
1727688852.9230394, 5.583E+00, 286
1727688853.0257988, 5.594E+00, 286
1727688853.1285856, 5.594E+00, 286
1727688853.2309878, 5.596E+00, 286
1727688853.34109, 5.587E+00, 286
1727688853.4439137, 5.580E+00, 286
1727688854.5503109, 5.589E+00, 287
1727688854.6568449, 5.601E+00, 287
1727688854.7598684, 5.609E+00, 287
1727688854.8633285, 5.614E+00, 287
1727688854.9693456, 5.609E+00, 287
1727688855.0725713, 5.614E+00, 287
1727688855.1776488, 5.598E+00, 287
1727688855.2791348, 5.621E+00, 287
1727688855.3817139, 5.603E+00, 287
1727688855.4874637, 5.603E+00, 287
1727688856.5924523, 5.616E+00, 288
1727688856.6957223, 5.601E+00, 288
1727688856.7986155, 5.643E+00, 288
1727688856.903909, 5.636E+00, 288
1727688857.008458, 5.621E+00, 288
1727688857.1113098, 5.630E+00, 288
1727688857.2144098, 5.627E+00, 288
1727688857.317696, 5.634E+00, 288
1727688857.4233098, 5.618E+00, 288
1727688857.5260198, 5.627E+00, 288
1727688858.6314762, 5.623E+00, 289
1727688858.7348666, 5.670E+00, 289
1727688858.8367326, 5.645E+00, 289
1727688858.942419, 5.645E+00, 289
1727688859.047296, 5.650E+00, 289
1727688859.1516275, 5.647E+00, 289
1727688859.2565289, 5.652E+00, 289
1727688859.360362, 5.650E+00, 289
1727688859.465132, 5.650E+00, 289
1727688859.5678568, 5.645E+00, 289
1727688860.6756892, 5.661E+00, 290
1727688860.7786322, 5.641E+00, 290
1727688860.8841097, 5.674E+00, 290
1727688860.9892874, 5.685E+00, 290
1727688861.0940943, 5.665E+00, 290
1727688861.196402, 5.683E+00, 290
1727688861.30081, 5.672E+00, 290
1727688861.4047616, 5.665E+00, 290
1727688861.5107722, 5.663E+00, 290
1727688861.613464, 5.663E+00, 290
1727688862.718108, 5.659E+00, 291
1727688862.8232546, 5.670E+00, 291
1727688862.9255052, 5.686E+00, 291
1727688863.0296104, 5.690E+00, 291
1727688863.1360712, 5.677E+00, 291
1727688863.242098, 5.681E+00, 291
1727688863.3448389, 5.679E+00, 291
1727688863.449806, 5.683E+00, 291
1727688863.5564923, 5.683E+00, 291
1727688863.6632068, 5.685E+00, 291
1727688864.769878, 5.674E+00, 292
1727688864.8753462, 5.701E+00, 292
1727688864.9797883, 5.706E+00, 292
1727688865.0847054, 5.708E+00, 292
1727688865.1869848, 5.706E+00, 292
1727688865.2937975, 5.706E+00, 292
1727688865.407107, 5.703E+00, 292
1727688865.509806, 5.706E+00, 292
1727688865.615516, 5.699E+00, 292
1727688865.7205355, 5.699E+00, 292
1727688866.8240495, 5.699E+00, 293
1727688866.929429, 5.708E+00, 293
1727688867.033548, 5.719E+00, 293
1727688867.1383467, 5.732E+00, 293
1727688867.243512, 5.739E+00, 293
1727688867.3500566, 5.726E+00, 293
1727688867.4528677, 5.728E+00, 293
1727688867.5571156, 5.735E+00, 293
1727688867.6599863, 5.726E+00, 293
1727688867.763191, 5.721E+00, 293
1727688868.8705328, 5.728E+00, 294
1727688868.97388, 5.737E+00, 294
1727688869.079388, 5.755E+00, 294
1727688869.1853964, 5.739E+00, 294
1727688869.2887402, 5.741E+00, 294
1727688869.3938007, 5.741E+00, 294
1727688869.496438, 5.746E+00, 294
1727688869.599341, 5.741E+00, 294
1727688869.7052712, 5.744E+00, 294
1727688869.8109152, 5.757E+00, 294
1727688870.919995, 5.750E+00, 295
1727688871.0247836, 5.739E+00, 295
1727688871.1298623, 5.764E+00, 295
1727688871.2324436, 5.766E+00, 295
1727688871.3358314, 5.761E+00, 295
1727688871.4475513, 5.768E+00, 295
1727688871.549056, 5.755E+00, 295
1727688871.6539528, 5.764E+00, 295
1727688871.757675, 5.755E+00, 295
1727688871.8609717, 5.762E+00, 295
1727688872.969429, 5.759E+00, 296
1727688873.0735135, 5.766E+00, 296
1727688873.1799827, 5.771E+00, 296
1727688873.2849326, 5.784E+00, 296
1727688873.3893616, 5.779E+00, 296
1727688873.4955542, 5.786E+00, 296
1727688873.602511, 5.782E+00, 296
1727688873.707233, 5.797E+00, 296
1727688873.812152, 5.775E+00, 296
1727688873.9152887, 5.788E+00, 296
1727688875.021335, 5.800E+00, 297
1727688875.1239638, 5.777E+00, 297
1727688875.2289505, 5.804E+00, 297
1727688875.3313856, 5.811E+00, 297
1727688875.4364805, 5.800E+00, 297
1727688875.539716, 5.802E+00, 297
1727688875.6439295, 5.800E+00, 297
1727688875.7459807, 5.804E+00, 297
1727688875.8519094, 5.815E+00, 297
1727688875.9547586, 5.804E+00, 297
1727688877.0608842, 5.800E+00, 298
1727688877.1634612, 5.804E+00, 298
1727688877.2650685, 5.835E+00, 298
1727688877.3689973, 5.822E+00, 298
1727688877.472882, 5.824E+00, 298
1727688877.5751622, 5.820E+00, 298
1727688877.6783395, 5.820E+00, 298
1727688877.7830586, 5.826E+00, 298
1727688877.8842428, 5.824E+00, 298
1727688877.990886, 5.824E+00, 298
1727688879.0968037, 5.826E+00, 299
1727688879.2012584, 5.809E+00, 299
1727688879.3042974, 5.835E+00, 299
1727688879.4077723, 5.840E+00, 299
1727688879.5116527, 5.829E+00, 299
1727688879.6153502, 5.856E+00, 299
1727688879.7190828, 5.851E+00, 299
1727688879.8237946, 5.838E+00, 299
1727688879.9279737, 5.831E+00, 299
1727688880.0320845, 5.858E+00, 299
