2.500000000000000000e+02
2.551020408163265358e+02
2.602040816326530717e+02
2.653061224489795791e+02
2.704081632653061433e+02
2.755102040816326507e+02
2.806122448979591582e+02
2.857142857142857224e+02
2.908163265306122298e+02
2.959183673469387941e+02
3.010204081632653015e+02
3.061224489795918089e+02
3.112244897959183731e+02
3.163265306122448806e+02
3.214285714285714448e+02
3.265306122448979522e+02
3.316326530612244596e+02
3.367346938775510239e+02
3.418367346938775313e+02
3.469387755102040956e+02
3.520408163265306030e+02
3.571428571428571104e+02
3.622448979591836746e+02
3.673469387755101820e+02
3.724489795918367463e+02
3.775510204081632537e+02
3.826530612244897611e+02
3.877551020408163254e+02
3.928571428571428896e+02
3.979591836734693970e+02
4.030612244897959044e+02
4.081632653061224119e+02
4.132653061224489761e+02
4.183673469387755404e+02
4.234693877551020478e+02
4.285714285714285552e+02
4.336734693877550626e+02
4.387755102040816269e+02
4.438775510204081911e+02
4.489795918367346985e+02
4.540816326530612059e+02
4.591836734693877133e+02
4.642857142857142776e+02
4.693877551020408418e+02
4.744897959183673493e+02
4.795918367346938567e+02
4.846938775510203641e+02
4.897959183673469283e+02
4.948979591836734926e+02
5.000000000000000000e+02
