-5.000000000000000000e+01
-4.828282828282828376e+01
-4.656565656565656752e+01
-4.484848484848485128e+01
-4.313131313131313505e+01
-4.141414141414141170e+01
-3.969696969696969546e+01
-3.797979797979797922e+01
-3.626262626262626299e+01
-3.454545454545454675e+01
-3.282828282828283051e+01
-3.111111111111111072e+01
-2.939393939393939448e+01
-2.767676767676767824e+01
-2.595959595959595845e+01
-2.424242424242424221e+01
-2.252525252525252597e+01
-2.080808080808080973e+01
-1.909090909090909349e+01
-1.737373737373737725e+01
-1.565656565656566102e+01
-1.393939393939393767e+01
-1.222222222222222143e+01
-1.050505050505050519e+01
-8.787878787878788955e+00
-7.070707070707072717e+00
-5.353535353535356478e+00
-3.636363636363640239e+00
-1.919191919191916895e+00
-2.020202020202006565e-01
1.515151515151515582e+00
3.232323232323231821e+00
4.949494949494948060e+00
6.666666666666664298e+00
8.383838383838380537e+00
1.010101010101009678e+01
1.181818181818181301e+01
1.353535353535353636e+01
1.525252525252524549e+01
1.696969696969696884e+01
1.868686868686867797e+01
2.040404040404040131e+01
2.212121212121212466e+01
2.383838383838383379e+01
2.555555555555555713e+01
2.727272727272726627e+01
2.898989898989898961e+01
3.070707070707069875e+01
3.242424242424242209e+01
3.414141414141414543e+01
3.585858585858585457e+01
3.757575757575757791e+01
3.929292929292928704e+01
4.101010101010101039e+01
4.272727272727271952e+01
4.444444444444444287e+01
4.616161616161616621e+01
4.787878787878787534e+01
4.959595959595959869e+01
5.131313131313130782e+01
5.303030303030303116e+01
5.474747474747474030e+01
5.646464646464646364e+01
5.818181818181817277e+01
5.989898989898989612e+01
6.161616161616161946e+01
6.333333333333332860e+01
6.505050505050505194e+01
6.676767676767676107e+01
6.848484848484848442e+01
7.020202020202019355e+01
7.191919191919191690e+01
7.363636363636362603e+01
7.535353535353534937e+01
7.707070707070707272e+01
7.878787878787878185e+01
8.050505050505049098e+01
8.222222222222222854e+01
8.393939393939393767e+01
8.565656565656564680e+01
8.737373737373735594e+01
8.909090909090909349e+01
9.080808080808080263e+01
9.252525252525251176e+01
9.424242424242424931e+01
9.595959595959595845e+01
9.767676767676766758e+01
9.939393939393937671e+01
1.011111111111111143e+02
1.028282828282828234e+02
1.045454545454545325e+02
1.062626262626262701e+02
1.079797979797979792e+02
1.096969696969696884e+02
1.114141414141413975e+02
1.131313131313131350e+02
1.148484848484848442e+02
1.165656565656565533e+02
1.182828282828282909e+02
1.200000000000000000e+02
