2.500000000000000000e+02
2.525252525252525118e+02
2.550505050505050519e+02
2.575757575757575637e+02
2.601010101010101039e+02
2.626262626262626441e+02
2.651515151515151274e+02
2.676767676767676676e+02
2.702020202020202078e+02
2.727272727272727479e+02
2.752525252525252313e+02
2.777777777777777715e+02
2.803030303030303116e+02
2.828282828282827950e+02
2.853535353535353352e+02
2.878787878787878753e+02
2.904040404040404155e+02
2.929292929292929557e+02
2.954545454545454390e+02
2.979797979797979792e+02
3.005050505050505194e+02
3.030303030303030027e+02
3.055555555555555429e+02
3.080808080808080831e+02
3.106060606060606233e+02
3.131313131313131066e+02
3.156565656565656468e+02
3.181818181818181870e+02
3.207070707070706703e+02
3.232323232323232105e+02
3.257575757575757507e+02
3.282828282828282909e+02
3.308080808080808310e+02
3.333333333333333144e+02
3.358585858585858546e+02
3.383838383838383947e+02
3.409090909090908781e+02
3.434343434343434183e+02
3.459595959595959584e+02
3.484848484848484986e+02
3.510101010101010388e+02
3.535353535353535221e+02
3.560606060606060623e+02
3.585858585858585457e+02
3.611111111111110858e+02
3.636363636363636260e+02
3.661616161616161662e+02
3.686868686868687064e+02
3.712121212121211897e+02
3.737373737373737299e+02
3.762626262626262701e+02
3.787878787878787534e+02
3.813131313131312936e+02
3.838383838383838338e+02
3.863636363636363740e+02
3.888888888888889142e+02
3.914141414141413975e+02
3.939393939393939377e+02
3.964646464646464210e+02
3.989898989898989612e+02
4.015151515151515014e+02
4.040404040404040416e+02
4.065656565656565817e+02
4.090909090909091219e+02
4.116161616161616053e+02
4.141414141414140886e+02
4.166666666666666288e+02
4.191919191919191690e+02
4.217171717171717091e+02
4.242424242424242493e+02
4.267676767676767895e+02
4.292929292929292728e+02
4.318181818181818130e+02
4.343434343434342964e+02
4.368686868686868365e+02
4.393939393939393767e+02
4.419191919191919169e+02
4.444444444444444571e+02
4.469696969696969973e+02
4.494949494949494806e+02
4.520202020202020208e+02
4.545454545454545041e+02
4.570707070707070443e+02
4.595959595959595845e+02
4.621212121212121247e+02
4.646464646464646648e+02
4.671717171717171482e+02
4.696969696969696884e+02
4.722222222222221717e+02
4.747474747474747119e+02
4.772727272727272521e+02
4.797979797979797922e+02
4.823232323232323324e+02
4.848484848484848726e+02
4.873737373737373559e+02
4.898989898989898961e+02
4.924242424242423795e+02
4.949494949494949196e+02
4.974747474747474598e+02
5.000000000000000000e+02
