0.000000000000000000e+00
6.410256410256422353e-08
1.282051282051279971e-07
1.923076923076917574e-07
2.564102564102555177e-07
3.205128205128192780e-07
3.846153846153830383e-07
4.487179487179467986e-07
5.128205128205106119e-07
5.769230769230743722e-07
6.410256410256381325e-07
7.051282051282018928e-07
7.692307692307656531e-07
8.333333333333294134e-07
8.974358974358931737e-07
9.615384615384583104e-07
1.025641025641032659e-06
1.089743589743607007e-06
1.153846153846181355e-06
1.217948717948755703e-06
1.282051282051330052e-06
1.346153846153904400e-06
1.410256410256478748e-06
1.474358974359053096e-06
1.538461538461627444e-06
1.602564102564201793e-06
1.666666666666776141e-06
1.730769230769350489e-06
1.794871794871924837e-06
1.858974358974499185e-06
1.923076923077073322e-06
1.987179487179647670e-06
2.051282051282222018e-06
2.115384615384796367e-06
2.179487179487370715e-06
2.243589743589945063e-06
2.307692307692519411e-06
2.371794871795093759e-06
2.435897435897668108e-06
2.500000000000242456e-06
2.564102564102816804e-06
2.628205128205391152e-06
2.692307692307965501e-06
2.756410256410539849e-06
2.820512820513114197e-06
2.884615384615688545e-06
2.948717948718262893e-06
3.012820512820837242e-06
3.076923076923411590e-06
3.141025641025985938e-06
3.205128205128560286e-06
3.269230769231134635e-06
3.333333333333708983e-06
3.397435897436283331e-06
3.461538461538857679e-06
3.525641025641432027e-06
3.589743589744006376e-06
3.653846153846580724e-06
3.717948717949155072e-06
3.782051282051729420e-06
3.846153846154303345e-06
3.910256410256877693e-06
3.974358974359452041e-06
4.038461538462026390e-06
4.102564102564600738e-06
4.166666666667175086e-06
4.230769230769749434e-06
4.294871794872323783e-06
4.358974358974898131e-06
4.423076923077472479e-06
4.487179487180046827e-06
4.551282051282621175e-06
4.615384615385195524e-06
4.679487179487769872e-06
4.743589743590344220e-06
4.807692307692918568e-06
4.871794871795492917e-06
4.935897435898067265e-06
5.000000000000641613e-06
5.064102564103215961e-06
5.128205128205790309e-06
5.192307692308364658e-06
5.256410256410939006e-06
5.320512820513513354e-06
5.384615384616087702e-06
5.448717948718662050e-06
5.512820512821236399e-06
5.576923076923810747e-06
5.641025641026385095e-06
5.705128205128959443e-06
5.769230769231533792e-06
5.833333333334108140e-06
5.897435897436682488e-06
5.961538461539256836e-06
6.025641025641831184e-06
6.089743589744405533e-06
6.153846153846979881e-06
6.217948717949554229e-06
6.282051282052128577e-06
6.346153846154702926e-06
6.410256410257277274e-06
6.474358974359851622e-06
6.538461538462425970e-06
6.602564102565000318e-06
6.666666666667574667e-06
6.730769230770149015e-06
6.794871794872723363e-06
6.858974358975297711e-06
6.923076923077872060e-06
6.987179487180446408e-06
7.051282051283020756e-06
7.115384615385595104e-06
7.179487179488169452e-06
7.243589743590743801e-06
7.307692307693318149e-06
7.371794871795892497e-06
7.435897435898466845e-06
7.500000000001041193e-06
7.564102564103615542e-06
7.628205128206189890e-06
7.692307692308764238e-06
7.756410256411338586e-06
7.820512820513912935e-06
7.884615384616487283e-06
7.948717948719061631e-06
8.012820512821635979e-06
8.076923076924210327e-06
8.141025641026784676e-06
8.205128205129359024e-06
8.269230769231933372e-06
8.333333333334507720e-06
8.397435897437082069e-06
8.461538461539656417e-06
8.525641025642230765e-06
8.589743589744805113e-06
8.653846153847379461e-06
8.717948717949953810e-06
8.782051282052528158e-06
8.846153846155102506e-06
8.910256410257676854e-06
8.974358974360251203e-06
9.038461538462825551e-06
9.102564102565399899e-06
9.166666666667974247e-06
9.230769230770548595e-06
9.294871794873122944e-06
9.358974358975697292e-06
9.423076923078271640e-06
9.487179487180845988e-06
9.551282051283420337e-06
9.615384615385994685e-06
9.679487179488569033e-06
9.743589743591143381e-06
9.807692307693717729e-06
9.871794871796292078e-06
9.935897435898866426e-06
1.000000000000144077e-05
1.006410256410401512e-05
1.012820512820658947e-05
1.019230769230916382e-05
1.025641025641173817e-05
1.032051282051431252e-05
1.038461538461688686e-05
1.044871794871946121e-05
1.051282051282203556e-05
1.057692307692460991e-05
1.064102564102718426e-05
1.070512820512975860e-05
1.076923076923233295e-05
1.083333333333490730e-05
1.089743589743748165e-05
1.096153846154005600e-05
1.102564102564263035e-05
1.108974358974520469e-05
1.115384615384777904e-05
1.121794871795035339e-05
1.128205128205292774e-05
1.134615384615550209e-05
1.141025641025807643e-05
1.147435897436065078e-05
1.153846153846322513e-05
1.160256410256579948e-05
1.166666666666837383e-05
1.173076923077094818e-05
1.179487179487352252e-05
1.185897435897609687e-05
1.192307692307867122e-05
1.198717948718124557e-05
1.205128205128381992e-05
1.211538461538639427e-05
1.217948717948896861e-05
1.224358974359154296e-05
1.230769230769411731e-05
1.237179487179669166e-05
1.243589743589926601e-05
1.250000000000184035e-05
1.256410256410441470e-05
1.262820512820698905e-05
1.269230769230956340e-05
1.275641025641213775e-05
1.282051282051471210e-05
1.288461538461728644e-05
1.294871794871986079e-05
1.301282051282243514e-05
1.307692307692500949e-05
1.314102564102758384e-05
1.320512820513015818e-05
1.326923076923273253e-05
1.333333333333530688e-05
1.339743589743788123e-05
1.346153846154045558e-05
1.352564102564302993e-05
1.358974358974560427e-05
1.365384615384817862e-05
1.371794871795075297e-05
1.378205128205332732e-05
1.384615384615590167e-05
1.391025641025847602e-05
1.397435897436105036e-05
1.403846153846362471e-05
1.410256410256619906e-05
1.416666666666877341e-05
1.423076923077134776e-05
1.429487179487392210e-05
1.435897435897649645e-05
1.442307692307907080e-05
1.448717948718164515e-05
1.455128205128421950e-05
1.461538461538679385e-05
1.467948717948936819e-05
1.474358974359194254e-05
1.480769230769451689e-05
1.487179487179709124e-05
1.493589743589966559e-05
1.500000000000223994e-05
1.506410256410481428e-05
1.512820512820738863e-05
1.519230769230996298e-05
1.525641025641253733e-05
1.532051282051510998e-05
1.538461538461768433e-05
1.544871794872025868e-05
1.551282051282283303e-05
1.557692307692540738e-05
1.564102564102798172e-05
1.570512820513055607e-05
1.576923076923313042e-05
1.583333333333570477e-05
1.589743589743827912e-05
1.596153846154085346e-05
1.602564102564342781e-05
1.608974358974600216e-05
1.615384615384857651e-05
1.621794871795115086e-05
1.628205128205372521e-05
1.634615384615629955e-05
1.641025641025887390e-05
1.647435897436144825e-05
1.653846153846402260e-05
1.660256410256659695e-05
1.666666666666917129e-05
1.673076923077174564e-05
1.679487179487431999e-05
1.685897435897689434e-05
1.692307692307946869e-05
1.698717948718204304e-05
1.705128205128461738e-05
1.711538461538719173e-05
1.717948717948976608e-05
1.724358974359234043e-05
1.730769230769491478e-05
1.737179487179748913e-05
1.743589743590006347e-05
1.750000000000263782e-05
1.756410256410521217e-05
1.762820512820778652e-05
1.769230769231036087e-05
1.775641025641293521e-05
1.782051282051550956e-05
1.788461538461808391e-05
1.794871794872065826e-05
1.801282051282323261e-05
1.807692307692580696e-05
1.814102564102838130e-05
1.820512820513095565e-05
1.826923076923353000e-05
1.833333333333610435e-05
1.839743589743867870e-05
1.846153846154125304e-05
1.852564102564382739e-05
1.858974358974640174e-05
1.865384615384897609e-05
1.871794871795155044e-05
1.878205128205412479e-05
1.884615384615669913e-05
1.891025641025927348e-05
1.897435897436184783e-05
1.903846153846442218e-05
1.910256410256699653e-05
1.916666666666957088e-05
1.923076923077214522e-05
1.929487179487471957e-05
1.935897435897729392e-05
1.942307692307986827e-05
1.948717948718244262e-05
1.955128205128501696e-05
1.961538461538759131e-05
1.967948717949016566e-05
1.974358974359274001e-05
1.980769230769531436e-05
1.987179487179788871e-05
1.993589743590046305e-05
2.000000000000303740e-05
2.006410256410561175e-05
2.012820512820818610e-05
2.019230769231076045e-05
2.025641025641333480e-05
2.032051282051590914e-05
2.038461538461848349e-05
2.044871794872105784e-05
2.051282051282363219e-05
2.057692307692620654e-05
2.064102564102878088e-05
2.070512820513135523e-05
2.076923076923392958e-05
2.083333333333650393e-05
2.089743589743907828e-05
2.096153846154165263e-05
2.102564102564422697e-05
2.108974358974680132e-05
2.115384615384937567e-05
2.121794871795195002e-05
2.128205128205452437e-05
2.134615384615709871e-05
2.141025641025967306e-05
2.147435897436224741e-05
2.153846153846482176e-05
2.160256410256739611e-05
2.166666666666997046e-05
2.173076923077254480e-05
2.179487179487511915e-05
2.185897435897769350e-05
2.192307692308026785e-05
2.198717948718284220e-05
2.205128205128541655e-05
2.211538461538799089e-05
2.217948717949056524e-05
2.224358974359313959e-05
2.230769230769571394e-05
2.237179487179828829e-05
2.243589743590086263e-05
2.250000000000343698e-05
2.256410256410601133e-05
2.262820512820858568e-05
2.269230769231116003e-05
2.275641025641373438e-05
2.282051282051630872e-05
2.288461538461888307e-05
2.294871794872145742e-05
2.301282051282403177e-05
2.307692307692660612e-05
2.314102564102918046e-05
2.320512820513175481e-05
2.326923076923432916e-05
2.333333333333690351e-05
2.339743589743947786e-05
2.346153846154205221e-05
2.352564102564462655e-05
2.358974358974720090e-05
2.365384615384977525e-05
2.371794871795234960e-05
2.378205128205492395e-05
2.384615384615749830e-05
2.391025641026007264e-05
2.397435897436264699e-05
2.403846153846522134e-05
2.410256410256779569e-05
2.416666666667037004e-05
2.423076923077294438e-05
2.429487179487551873e-05
2.435897435897809308e-05
2.442307692308066743e-05
2.448717948718324178e-05
2.455128205128581613e-05
2.461538461538839047e-05
2.467948717949096482e-05
2.474358974359353917e-05
2.480769230769611352e-05
2.487179487179868787e-05
2.493589743590126222e-05
2.500000000000383656e-05
2.506410256410641091e-05
2.512820512820898526e-05
2.519230769231155961e-05
2.525641025641413396e-05
2.532051282051670830e-05
2.538461538461928265e-05
2.544871794872185700e-05
2.551282051282443135e-05
2.557692307692700570e-05
2.564102564102958005e-05
2.570512820513215439e-05
2.576923076923472874e-05
2.583333333333730309e-05
2.589743589743987744e-05
2.596153846154245179e-05
2.602564102564502613e-05
2.608974358974760048e-05
2.615384615385017483e-05
2.621794871795274918e-05
2.628205128205532353e-05
2.634615384615789788e-05
2.641025641026047222e-05
2.647435897436304657e-05
2.653846153846562092e-05
2.660256410256819527e-05
2.666666666667076962e-05
2.673076923077334397e-05
2.679487179487591831e-05
2.685897435897849266e-05
2.692307692308106701e-05
2.698717948718364136e-05
2.705128205128621571e-05
2.711538461538879005e-05
2.717948717949136440e-05
2.724358974359393875e-05
2.730769230769651310e-05
2.737179487179908745e-05
2.743589743590166180e-05
2.750000000000423614e-05
2.756410256410681049e-05
2.762820512820938484e-05
2.769230769231195919e-05
2.775641025641453354e-05
2.782051282051710788e-05
2.788461538461968223e-05
2.794871794872225658e-05
2.801282051282483093e-05
2.807692307692740528e-05
2.814102564102997963e-05
2.820512820513255397e-05
2.826923076923512832e-05
2.833333333333770267e-05
2.839743589744027702e-05
2.846153846154285137e-05
2.852564102564542572e-05
2.858974358974800006e-05
2.865384615385057441e-05
2.871794871795314876e-05
2.878205128205572311e-05
2.884615384615829746e-05
2.891025641026087180e-05
2.897435897436344615e-05
2.903846153846602050e-05
2.910256410256859485e-05
2.916666666667116920e-05
2.923076923077374355e-05
2.929487179487631789e-05
2.935897435897889224e-05
2.942307692308146659e-05
2.948717948718404094e-05
2.955128205128661529e-05
2.961538461538918963e-05
2.967948717949176398e-05
2.974358974359433833e-05
2.980769230769691268e-05
2.987179487179948703e-05
2.993589743590206138e-05
3.000000000000463572e-05
3.006410256410721007e-05
3.012820512820978442e-05
3.019230769231235877e-05
3.025641025641493312e-05
3.032051282051750747e-05
3.038461538462008181e-05
3.044871794872265616e-05
3.051282051282523051e-05
3.057692307692748976e-05
3.064102564102972530e-05
3.070512820513196083e-05
3.076923076923419637e-05
3.083333333333643190e-05
3.089743589743866744e-05
3.096153846154090297e-05
3.102564102564313851e-05
3.108974358974537404e-05
3.115384615384760958e-05
3.121794871794984511e-05
3.128205128205208065e-05
3.134615384615431618e-05
3.141025641025655172e-05
3.147435897435878725e-05
3.153846153846102279e-05
3.160256410256325832e-05
3.166666666666549386e-05
3.173076923076772939e-05
3.179487179486996493e-05
3.185897435897220046e-05
3.192307692307443600e-05
3.198717948717667153e-05
3.205128205127890707e-05
3.211538461538114260e-05
3.217948717948337814e-05
3.224358974358561367e-05
3.230769230768784921e-05
3.237179487179008474e-05
3.243589743589232028e-05
3.249999999999455581e-05
3.256410256409679135e-05
3.262820512819902688e-05
3.269230769230126242e-05
3.275641025640349795e-05
3.282051282050573349e-05
3.288461538460796902e-05
3.294871794871020456e-05
3.301282051281244009e-05
3.307692307691467563e-05
3.314102564101691116e-05
3.320512820511914670e-05
3.326923076922138223e-05
3.333333333332361777e-05
3.339743589742585330e-05
3.346153846152808884e-05
3.352564102563032437e-05
3.358974358973255991e-05
3.365384615383479544e-05
3.371794871793703098e-05
3.378205128203926651e-05
3.384615384614150205e-05
3.391025641024373758e-05
3.397435897434597312e-05
3.403846153844820865e-05
3.410256410255044419e-05
3.416666666665267972e-05
3.423076923075491526e-05
3.429487179485715079e-05
3.435897435895938633e-05
3.442307692306162186e-05
3.448717948716385740e-05
3.455128205126609293e-05
3.461538461536832847e-05
3.467948717947056400e-05
3.474358974357279954e-05
3.480769230767503507e-05
3.487179487177727061e-05
3.493589743587950614e-05
3.499999999998174168e-05
3.506410256408397721e-05
3.512820512818621275e-05
3.519230769228844828e-05
3.525641025639068382e-05
3.532051282049291935e-05
3.538461538459515489e-05
3.544871794869739043e-05
3.551282051279962596e-05
3.557692307690186150e-05
3.564102564100409703e-05
3.570512820510633257e-05
3.576923076920856810e-05
3.583333333331080364e-05
3.589743589741303917e-05
3.596153846151527471e-05
3.602564102561751024e-05
3.608974358971974578e-05
3.615384615382198131e-05
3.621794871792421685e-05
3.628205128202645238e-05
3.634615384612868792e-05
3.641025641023092345e-05
3.647435897433315899e-05
3.653846153843539452e-05
3.660256410253763006e-05
3.666666666663986559e-05
3.673076923074210113e-05
3.679487179484433666e-05
3.685897435894657220e-05
3.692307692304880773e-05
3.698717948715104327e-05
3.705128205125327880e-05
3.711538461535551434e-05
3.717948717945774987e-05
3.724358974355998541e-05
3.730769230766222094e-05
3.737179487176445648e-05
3.743589743586669201e-05
3.749999999996892755e-05
3.756410256407116308e-05
3.762820512817339862e-05
3.769230769227563415e-05
3.775641025637786969e-05
3.782051282048010522e-05
3.788461538458234076e-05
3.794871794868457629e-05
3.801282051278681183e-05
3.807692307688904736e-05
3.814102564099128290e-05
3.820512820509351843e-05
3.826923076919575397e-05
3.833333333329798950e-05
3.839743589740022504e-05
3.846153846150246057e-05
3.852564102560469611e-05
3.858974358970693164e-05
3.865384615380916718e-05
3.871794871791140271e-05
3.878205128201363825e-05
3.884615384611587378e-05
3.891025641021810932e-05
3.897435897432034485e-05
3.903846153842258039e-05
3.910256410252481592e-05
3.916666666662705146e-05
3.923076923072928699e-05
3.929487179483152253e-05
3.935897435893375806e-05
3.942307692303599360e-05
3.948717948713822913e-05
3.955128205124046467e-05
3.961538461534270020e-05
3.967948717944493574e-05
3.974358974354717127e-05
3.980769230764940681e-05
3.987179487175164234e-05
3.993589743585387788e-05
3.999999999995611341e-05
4.006410256405834895e-05
4.012820512816058448e-05
4.019230769226282002e-05
4.025641025636505555e-05
4.032051282046729109e-05
4.038461538456952662e-05
4.044871794867176216e-05
4.051282051277399769e-05
4.057692307687623323e-05
4.064102564097846876e-05
4.070512820508070430e-05
4.076923076918293983e-05
4.083333333328517537e-05
4.089743589738741090e-05
4.096153846148964644e-05
4.102564102559188197e-05
4.108974358969411751e-05
4.115384615379635304e-05
4.121794871789858858e-05
4.128205128200082411e-05
4.134615384610305965e-05
4.141025641020529518e-05
4.147435897430753072e-05
4.153846153840976625e-05
4.160256410251200179e-05
4.166666666661423732e-05
4.173076923071647286e-05
4.179487179481870839e-05
4.185897435892094393e-05
4.192307692302317946e-05
4.198717948712541500e-05
4.205128205122765053e-05
4.211538461532988607e-05
4.217948717943212160e-05
4.224358974353435714e-05
4.230769230763659267e-05
4.237179487173882821e-05
4.243589743584106374e-05
4.249999999994329928e-05
4.256410256404553481e-05
4.262820512814777035e-05
4.269230769225000588e-05
4.275641025635224142e-05
4.282051282045447695e-05
4.288461538455671249e-05
4.294871794865894802e-05
4.301282051276118356e-05
4.307692307686341909e-05
4.314102564096565463e-05
4.320512820506789016e-05
4.326923076917012570e-05
4.333333333327236124e-05
4.339743589737459677e-05
4.346153846147683231e-05
4.352564102557906784e-05
4.358974358968130338e-05
4.365384615378353891e-05
4.371794871788577445e-05
4.378205128198800998e-05
4.384615384609024552e-05
4.391025641019248105e-05
4.397435897429471659e-05
4.403846153839695212e-05
4.410256410249918766e-05
4.416666666660142319e-05
4.423076923070365873e-05
4.429487179480589426e-05
4.435897435890812980e-05
4.442307692301036533e-05
4.448717948711260087e-05
4.455128205121483640e-05
4.461538461531707194e-05
4.467948717941930747e-05
4.474358974352154301e-05
4.480769230762377854e-05
4.487179487172601408e-05
4.493589743582824961e-05
4.499999999993048515e-05
4.506410256403272068e-05
4.512820512813495622e-05
4.519230769223719175e-05
4.525641025633942729e-05
4.532051282044166282e-05
4.538461538454389836e-05
4.544871794864613389e-05
4.551282051274836943e-05
4.557692307685060496e-05
4.564102564095284050e-05
4.570512820505507603e-05
4.576923076915731157e-05
4.583333333325954710e-05
4.589743589736178264e-05
4.596153846146401817e-05
4.602564102556625371e-05
4.608974358966848924e-05
4.615384615377072478e-05
4.621794871787296031e-05
4.628205128197519585e-05
4.634615384607743138e-05
4.641025641017966692e-05
4.647435897428190245e-05
4.653846153838413799e-05
4.660256410248637352e-05
4.666666666658860906e-05
4.673076923069084459e-05
4.679487179479308013e-05
4.685897435889531566e-05
4.692307692299755120e-05
4.698717948709978673e-05
4.705128205120202227e-05
4.711538461530425780e-05
4.717948717940649334e-05
4.724358974350872887e-05
4.730769230761096441e-05
4.737179487171319994e-05
4.743589743581543548e-05
4.749999999991767101e-05
4.756410256401990655e-05
4.762820512812214208e-05
4.769230769222437762e-05
4.775641025632661315e-05
4.782051282042884869e-05
4.788461538453108422e-05
4.794871794863331976e-05
4.801282051273555529e-05
4.807692307683779083e-05
4.814102564094002636e-05
4.820512820504226190e-05
4.826923076914449743e-05
4.833333333324673297e-05
4.839743589734896850e-05
4.846153846145120404e-05
4.852564102555343957e-05
4.858974358965567511e-05
4.865384615375791064e-05
4.871794871786014618e-05
4.878205128196238171e-05
4.884615384606461725e-05
4.891025641016685278e-05
4.897435897426908832e-05
4.903846153837132385e-05
4.910256410247355939e-05
4.916666666657579492e-05
4.923076923067803046e-05
4.929487179478026599e-05
4.935897435888250153e-05
4.942307692298473706e-05
4.948717948708697260e-05
4.955128205118920813e-05
4.961538461529144367e-05
4.967948717939367920e-05
4.974358974349591474e-05
4.980769230759815027e-05
4.987179487170038581e-05
4.993589743580262134e-05
4.999999999990485688e-05
5.006410256400709241e-05
5.012820512810932795e-05
5.019230769221156348e-05
5.025641025631379902e-05
5.032051282041603455e-05
5.038461538451827009e-05
5.044871794862050562e-05
5.051282051272274116e-05
5.057692307682497669e-05
5.064102564092721223e-05
5.070512820502944776e-05
5.076923076913168330e-05
5.083333333323391883e-05
5.089743589733615437e-05
5.096153846143838990e-05
5.102564102554062544e-05
5.108974358964286097e-05
5.115384615374509651e-05
5.121794871784733204e-05
5.128205128194956758e-05
5.134615384605180312e-05
5.141025641015403865e-05
5.147435897425627419e-05
5.153846153835850972e-05
5.160256410246074526e-05
5.166666666656298079e-05
5.173076923066521633e-05
5.179487179476745186e-05
5.185897435886968740e-05
5.192307692297192293e-05
5.198717948707415847e-05
5.205128205117639400e-05
5.211538461527862954e-05
5.217948717938086507e-05
5.224358974348310061e-05
5.230769230758533614e-05
5.237179487168757168e-05
5.243589743578980721e-05
5.249999999989204275e-05
5.256410256399427828e-05
5.262820512809651382e-05
5.269230769219874935e-05
5.275641025630098489e-05
5.282051282040322042e-05
5.288461538450545596e-05
5.294871794860769149e-05
5.301282051270992703e-05
5.307692307681216256e-05
5.314102564091439810e-05
5.320512820501663363e-05
5.326923076911886917e-05
5.333333333322110470e-05
5.339743589732334024e-05
5.346153846142557577e-05
5.352564102552781131e-05
5.358974358963004684e-05
5.365384615373228238e-05
5.371794871783451791e-05
5.378205128193675345e-05
5.384615384603898898e-05
5.391025641014122452e-05
5.397435897424346005e-05
5.403846153834569559e-05
5.410256410244793112e-05
5.416666666655016666e-05
5.423076923065240219e-05
5.429487179475463773e-05
5.435897435885687326e-05
5.442307692295910880e-05
5.448717948706134433e-05
5.455128205116357987e-05
5.461538461526581540e-05
5.467948717936805094e-05
5.474358974347028647e-05
5.480769230757252201e-05
5.487179487167475754e-05
5.493589743577699308e-05
5.499999999987922861e-05
5.506410256398146415e-05
5.512820512808369968e-05
5.519230769218593522e-05
5.525641025628817075e-05
5.532051282039040629e-05
5.538461538449264182e-05
5.544871794859487736e-05
5.551282051269711289e-05
5.557692307679934843e-05
5.564102564090158396e-05
5.570512820500381950e-05
5.576923076910605503e-05
5.583333333320829057e-05
5.589743589731052610e-05
5.596153846141276164e-05
5.602564102551499717e-05
5.608974358961723271e-05
5.615384615371946824e-05
5.621794871782170378e-05
5.628205128192393931e-05
5.634615384602617485e-05
5.641025641012841038e-05
5.647435897423064592e-05
5.653846153833288145e-05
5.660256410243511699e-05
5.666666666653735252e-05
5.673076923063958806e-05
5.679487179474182359e-05
5.685897435884405913e-05
5.692307692294629466e-05
5.698717948704853020e-05
5.705128205115076573e-05
5.711538461525300127e-05
5.717948717935523680e-05
5.724358974345747234e-05
5.730769230755970787e-05
5.737179487166194341e-05
5.743589743576417894e-05
5.749999999986641448e-05
5.756410256396865001e-05
5.762820512807088555e-05
5.769230769217312108e-05
5.775641025627535662e-05
5.782051282037759215e-05
5.788461538447982769e-05
5.794871794858206322e-05
5.801282051268429876e-05
5.807692307678653429e-05
5.814102564088876983e-05
5.820512820499100536e-05
5.826923076909324090e-05
5.833333333319547643e-05
5.839743589729771197e-05
5.846153846139994750e-05
5.852564102550218304e-05
5.858974358960441857e-05
5.865384615370665411e-05
5.871794871780888964e-05
5.878205128191112518e-05
5.884615384601336071e-05
5.891025641011559625e-05
5.897435897421783178e-05
5.903846153832006732e-05
5.910256410242230285e-05
5.916666666652453839e-05
5.923076923062677392e-05
5.929487179472900946e-05
5.935897435883124500e-05
5.942307692293348053e-05
5.948717948703571607e-05
5.955128205113795160e-05
5.961538461524018714e-05
5.967948717934242267e-05
5.974358974344465821e-05
5.980769230754689374e-05
5.987179487164912928e-05
5.993589743575136481e-05
5.999999999985360035e-05
6.006410256395583588e-05
6.012820512805807142e-05
6.019230769216030695e-05
6.025641025626254249e-05
6.032051282036477802e-05
6.038461538446701356e-05
6.044871794856924909e-05
6.051282051267148463e-05
6.057692307677372016e-05
6.064102564087595570e-05
6.070512820497819123e-05
6.076923076908042677e-05
6.083333333318266230e-05
6.089743589728489784e-05
6.096153846138713337e-05
6.102564102548936891e-05
6.108974358959218720e-05
6.115384615369510036e-05
6.121794871779801352e-05
6.128205128190092668e-05
6.134615384600383985e-05
6.141025641010675301e-05
6.147435897420966617e-05
6.153846153831257933e-05
6.160256410241549249e-05
6.166666666651840565e-05
6.173076923062131881e-05
6.179487179472423198e-05
6.185897435882714514e-05
6.192307692293005830e-05
6.198717948703297146e-05
6.205128205113588462e-05
6.211538461523879778e-05
6.217948717934171094e-05
6.224358974344462410e-05
6.230769230754753727e-05
6.237179487165045043e-05
6.243589743575336359e-05
6.249999999985627675e-05
6.256410256395918991e-05
6.262820512806210307e-05
6.269230769216501623e-05
6.275641025626792940e-05
6.282051282037084256e-05
6.288461538447375572e-05
6.294871794857666888e-05
6.301282051267958204e-05
6.307692307678249520e-05
6.314102564088540836e-05
6.320512820498832153e-05
6.326923076909123469e-05
6.333333333319414785e-05
6.339743589729706101e-05
6.346153846139997417e-05
6.352564102550288733e-05
6.358974358960580049e-05
6.365384615370871366e-05
6.371794871781162682e-05
6.378205128191453998e-05
6.384615384601745314e-05
6.391025641012036630e-05
6.397435897422327946e-05
6.403846153832619262e-05
6.410256410242910579e-05
6.416666666653201895e-05
6.423076923063493211e-05
6.429487179473784527e-05
6.435897435884075843e-05
6.442307692294367159e-05
6.448717948704658475e-05
6.455128205114949792e-05
6.461538461525241108e-05
6.467948717935532424e-05
6.474358974345823740e-05
6.480769230756115056e-05
6.487179487166406372e-05
6.493589743576697688e-05
6.499999999986989005e-05
6.506410256397280321e-05
6.512820512807571637e-05
6.519230769217862953e-05
6.525641025628154269e-05
6.532051282038445585e-05
6.538461538448736901e-05
6.544871794859028217e-05
6.551282051269319534e-05
6.557692307679610850e-05
6.564102564089902166e-05
6.570512820500193482e-05
6.576923076910484798e-05
6.583333333320776114e-05
6.589743589731067430e-05
6.596153846141358747e-05
6.602564102551650063e-05
6.608974358961941379e-05
6.615384615372232695e-05
6.621794871782524011e-05
6.628205128192815327e-05
6.634615384603106643e-05
6.641025641013397960e-05
6.647435897423689276e-05
6.653846153833980592e-05
6.660256410244271908e-05
6.666666666654563224e-05
6.673076923064854540e-05
6.679487179475145856e-05
6.685897435885437173e-05
6.692307692295728489e-05
6.698717948706019805e-05
6.705128205116311121e-05
6.711538461526602437e-05
6.717948717936893753e-05
6.724358974347185069e-05
6.730769230757476386e-05
6.737179487167767702e-05
6.743589743578059018e-05
6.749999999988350334e-05
6.756410256398641650e-05
6.762820512808932966e-05
6.769230769219224282e-05
6.775641025629515599e-05
6.782051282039806915e-05
6.788461538450098231e-05
6.794871794860389547e-05
6.801282051270680863e-05
6.807692307680972179e-05
6.814102564091263495e-05
6.820512820501554811e-05
6.826923076911846128e-05
6.833333333322137444e-05
6.839743589732428760e-05
6.846153846142720076e-05
6.852564102553011392e-05
6.858974358963302708e-05
6.865384615373594024e-05
6.871794871783885341e-05
6.878205128194176657e-05
6.884615384604467973e-05
6.891025641014759289e-05
6.897435897425050605e-05
6.903846153835341921e-05
6.910256410245633237e-05
6.916666666655924554e-05
6.923076923066215870e-05
6.929487179476507186e-05
6.935897435886798502e-05
6.942307692297089818e-05
6.948717948707381134e-05
6.955128205117672450e-05
6.961538461527963767e-05
6.967948717938255083e-05
6.974358974348546399e-05
6.980769230758837715e-05
6.987179487169129031e-05
6.993589743579420347e-05
6.999999999989711663e-05
7.006410256400002980e-05
7.012820512810294296e-05
7.019230769220585612e-05
7.025641025630876928e-05
7.032051282041168244e-05
7.038461538451459560e-05
7.044871794861750876e-05
7.051282051272042193e-05
7.057692307682333509e-05
7.064102564092624825e-05
7.070512820502916141e-05
7.076923076913207457e-05
7.083333333323498773e-05
7.089743589733790089e-05
7.096153846144081406e-05
7.102564102554372722e-05
7.108974358964664038e-05
7.115384615374955354e-05
7.121794871785246670e-05
7.128205128195537986e-05
7.134615384605829302e-05
7.141025641016120618e-05
7.147435897426411935e-05
7.153846153836703251e-05
7.160256410246994567e-05
7.166666666657285883e-05
7.173076923067577199e-05
7.179487179477868515e-05
7.185897435888159831e-05
7.192307692298451148e-05
7.198717948708742464e-05
7.205128205119033780e-05
7.211538461529325096e-05
7.217948717939616412e-05
7.224358974349907728e-05
7.230769230760199044e-05
7.237179487170490361e-05
7.243589743580781677e-05
7.249999999991072993e-05
7.256410256401364309e-05
7.262820512811655625e-05
7.269230769221946941e-05
7.275641025632238257e-05
7.282051282042529574e-05
7.288461538452820890e-05
7.294871794863112206e-05
7.301282051273403522e-05
7.307692307683694838e-05
7.314102564093986154e-05
7.320512820504277470e-05
7.326923076914568787e-05
7.333333333324860103e-05
7.339743589735151419e-05
7.346153846145442735e-05
7.352564102555734051e-05
7.358974358966025367e-05
7.365384615376316683e-05
7.371794871786608000e-05
7.378205128196899316e-05
7.384615384607190632e-05
7.391025641017481948e-05
7.397435897427773264e-05
7.403846153838064580e-05
7.410256410248355896e-05
7.416666666658647212e-05
7.423076923068938529e-05
7.429487179479229845e-05
7.435897435889521161e-05
7.442307692299812477e-05
7.448717948710103793e-05
7.455128205120395109e-05
7.461538461530686425e-05
7.467948717940977742e-05
7.474358974351269058e-05
7.480769230761560374e-05
7.487179487171851690e-05
7.493589743582143006e-05
7.499999999992434322e-05
7.506410256402725638e-05
7.512820512813016955e-05
7.519230769223308271e-05
7.525641025633599587e-05
7.532051282043890903e-05
7.538461538454182219e-05
7.544871794864473535e-05
7.551282051274764851e-05
7.557692307685056168e-05
7.564102564095347484e-05
7.570512820505638800e-05
7.576923076915930116e-05
7.583333333326221432e-05
7.589743589736512748e-05
7.596153846146804064e-05
7.602564102557095381e-05
7.608974358967386697e-05
7.615384615377678013e-05
7.621794871787969329e-05
7.628205128198260645e-05
7.634615384608551961e-05
7.641025641018843277e-05
7.647435897429134594e-05
7.653846153839425910e-05
7.660256410249717226e-05
7.666666666660008542e-05
7.673076923070299858e-05
7.679487179480591174e-05
7.685897435890882490e-05
7.692307692301173807e-05
7.698717948711465123e-05
7.705128205121756439e-05
7.711538461532047755e-05
7.717948717942339071e-05
7.724358974352630387e-05
7.730769230762921703e-05
7.737179487173213019e-05
7.743589743583504336e-05
7.749999999993795652e-05
7.756410256404086968e-05
7.762820512814378284e-05
7.769230769224669600e-05
7.775641025634960916e-05
7.782051282045252232e-05
7.788461538455543549e-05
7.794871794865834865e-05
7.801282051276126181e-05
7.807692307686417497e-05
7.814102564096708813e-05
7.820512820507000129e-05
7.826923076917291445e-05
7.833333333327582762e-05
7.839743589737874078e-05
7.846153846148165394e-05
7.852564102558456710e-05
7.858974358968748026e-05
7.865384615379039342e-05
7.871794871789330658e-05
7.878205128199621975e-05
7.884615384609913291e-05
7.891025641020204607e-05
7.897435897430495923e-05
7.903846153840787239e-05
7.910256410251078555e-05
7.916666666661369871e-05
7.923076923071661188e-05
7.929487179481952504e-05
7.935897435892243820e-05
7.942307692302535136e-05
7.948717948712826452e-05
7.955128205123117768e-05
7.961538461533409084e-05
7.967948717943700401e-05
7.974358974353991717e-05
7.980769230764283033e-05
7.987179487174574349e-05
7.993589743584865665e-05
7.999999999995156981e-05
8.006410256405448297e-05
8.012820512815739613e-05
8.019230769226030930e-05
8.025641025636322246e-05
8.032051282046613562e-05
8.038461538456904878e-05
8.044871794867196194e-05
8.051282051277487510e-05
8.057692307687778826e-05
8.064102564098070143e-05
8.070512820508361459e-05
8.076923076918652775e-05
8.083333333328944091e-05
8.089743589739235407e-05
8.096153846149526723e-05
8.102564102559818039e-05
8.108974358970109356e-05
8.115384615380400672e-05
8.121794871790691988e-05
8.128205128200983304e-05
8.134615384611274620e-05
8.141025641021565936e-05
8.147435897431857252e-05
8.153846153842148569e-05
8.160256410252439885e-05
8.166666666662731201e-05
8.173076923073022517e-05
8.179487179483313833e-05
8.185897435893605149e-05
8.192307692303896465e-05
8.198717948714187782e-05
8.205128205124479098e-05
8.211538461534770414e-05
8.217948717945061730e-05
8.224358974355353046e-05
8.230769230765644362e-05
8.237179487175935678e-05
8.243589743586226995e-05
8.249999999996518311e-05
8.256410256406809627e-05
8.262820512817100943e-05
8.269230769227392259e-05
8.275641025637683575e-05
8.282051282047974891e-05
8.288461538458266208e-05
8.294871794868557524e-05
8.301282051278848840e-05
8.307692307689140156e-05
8.314102564099431472e-05
8.320512820509722788e-05
8.326923076920014104e-05
8.333333333330305420e-05
8.339743589740596737e-05
8.346153846150888053e-05
8.352564102561179369e-05
8.358974358971470685e-05
8.365384615381762001e-05
8.371794871792053317e-05
8.378205128202344633e-05
8.384615384612635950e-05
8.391025641022927266e-05
8.397435897433218582e-05
8.403846153843509898e-05
8.410256410253801214e-05
8.416666666664092530e-05
8.423076923074383846e-05
8.429487179484675163e-05
8.435897435894966479e-05
8.442307692305257795e-05
8.448717948715549111e-05
8.455128205125840427e-05
8.461538461536131743e-05
8.467948717946423059e-05
8.474358974356714376e-05
8.480769230767005692e-05
8.487179487177297008e-05
8.493589743587588324e-05
8.499999999997879640e-05
8.506410256408170956e-05
8.512820512818462272e-05
8.519230769228753589e-05
8.525641025639044905e-05
8.532051282049336221e-05
8.538461538459627537e-05
8.544871794869918853e-05
8.551282051280210169e-05
8.557692307690501485e-05
8.564102564100792802e-05
8.570512820511084118e-05
8.576923076921375434e-05
8.583333333331666750e-05
8.589743589741958066e-05
8.596153846152249382e-05
8.602564102562540698e-05
8.608974358972832014e-05
8.615384615383123331e-05
8.621794871793414647e-05
8.628205128203705963e-05
8.634615384613997279e-05
8.641025641024288595e-05
8.647435897434579911e-05
8.653846153844871227e-05
8.660256410255162544e-05
8.666666666665453860e-05
8.673076923075745176e-05
8.679487179486036492e-05
8.685897435896327808e-05
8.692307692306619124e-05
8.698717948716910440e-05
8.705128205127201757e-05
8.711538461537493073e-05
8.717948717947784389e-05
8.724358974358075705e-05
8.730769230768367021e-05
8.737179487178658337e-05
8.743589743588949653e-05
8.749999999999240970e-05
8.756410256409532286e-05
8.762820512819823602e-05
8.769230769230114918e-05
8.775641025640406234e-05
8.782051282050697550e-05
8.788461538460988866e-05
8.794871794871280183e-05
8.801282051281571499e-05
8.807692307691862815e-05
8.814102564102154131e-05
8.820512820512445447e-05
8.826923076922736763e-05
8.833333333333028079e-05
8.839743589743319396e-05
8.846153846153610712e-05
8.852564102563902028e-05
8.858974358974193344e-05
8.865384615384484660e-05
8.871794871794775976e-05
8.878205128205067292e-05
8.884615384615358609e-05
8.891025641025649925e-05
8.897435897435941241e-05
8.903846153846232557e-05
8.910256410256523873e-05
8.916666666666815189e-05
8.923076923077106505e-05
8.929487179487397821e-05
8.935897435897689138e-05
8.942307692307980454e-05
8.948717948718271770e-05
8.955128205128563086e-05
8.961538461538854402e-05
8.967948717949145718e-05
8.974358974359437034e-05
8.980769230769728351e-05
8.987179487180019667e-05
8.993589743590310983e-05
9.000000000000602299e-05
9.006410256410893615e-05
9.012820512821184931e-05
9.019230769231476247e-05
9.025641025641767564e-05
9.032051282052058880e-05
9.038461538462350196e-05
9.044871794872641512e-05
9.051282051282932828e-05
9.057692307693224144e-05
9.064102564103515460e-05
9.070512820513806777e-05
9.076923076924098093e-05
9.083333333334389409e-05
9.089743589744680725e-05
9.096153846154972041e-05
9.102564102565263357e-05
9.108974358975554673e-05
9.115384615385845990e-05
9.121794871796137306e-05
9.128205128206428622e-05
9.134615384616719938e-05
9.141025641027011254e-05
9.147435897437302570e-05
9.153846153847593886e-05
9.160256410257885203e-05
9.166666666668176519e-05
9.173076923078467835e-05
9.179487179488759151e-05
9.185897435899050467e-05
9.192307692309341783e-05
9.198717948719633099e-05
9.205128205129924416e-05
9.211538461540215732e-05
9.217948717950507048e-05
9.224358974360798364e-05
9.230769230771089680e-05
9.237179487181380996e-05
9.243589743591672312e-05
9.250000000001963628e-05
9.256410256412254945e-05
9.262820512822546261e-05
9.269230769232837577e-05
9.275641025643128893e-05
9.282051282053420209e-05
9.288461538463711525e-05
9.294871794874002841e-05
9.301282051284294158e-05
9.307692307694585474e-05
9.314102564104876790e-05
9.320512820515168106e-05
9.326923076925459422e-05
9.333333333335750738e-05
9.339743589746042054e-05
9.346153846156333371e-05
9.352564102566624687e-05
9.358974358976916003e-05
9.365384615387207319e-05
9.371794871797498635e-05
9.378205128207789951e-05
9.384615384618081267e-05
9.391025641028372584e-05
9.397435897438663900e-05
9.403846153848955216e-05
9.410256410259246532e-05
9.416666666669537848e-05
9.423076923079829164e-05
9.429487179490120480e-05
9.435897435900411797e-05
9.442307692310703113e-05
9.448717948720994429e-05
9.455128205131285745e-05
9.461538461541577061e-05
9.467948717951868377e-05
9.474358974362159693e-05
9.480769230772451010e-05
9.487179487182742326e-05
9.493589743593033642e-05
9.500000000003324958e-05
9.506410256413616274e-05
9.512820512823907590e-05
9.519230769234198906e-05
9.525641025644490222e-05
9.532051282054781539e-05
9.538461538465072855e-05
9.544871794875364171e-05
9.551282051285655487e-05
9.557692307695946803e-05
9.564102564106238119e-05
9.570512820516529435e-05
9.576923076926820752e-05
9.583333333337112068e-05
9.589743589747403384e-05
9.596153846157694700e-05
9.602564102567986016e-05
9.608974358978277332e-05
9.615384615388568648e-05
9.621794871798859965e-05
9.628205128209151281e-05
9.634615384619442597e-05
9.641025641029733913e-05
9.647435897440025229e-05
9.653846153850316545e-05
9.660256410260607861e-05
9.666666666670899178e-05
9.673076923081190494e-05
9.679487179491481810e-05
9.685897435901773126e-05
9.692307692312064442e-05
9.698717948722355758e-05
9.705128205132647074e-05
9.711538461542938391e-05
9.717948717953229707e-05
9.724358974363521023e-05
9.730769230773812339e-05
9.737179487184103655e-05
9.743589743594394971e-05
9.750000000004686287e-05
9.756410256414977604e-05
9.762820512825268920e-05
9.769230769235560236e-05
9.775641025645851552e-05
9.782051282056142868e-05
9.788461538466434184e-05
9.794871794876725500e-05
9.801282051287016817e-05
9.807692307697308133e-05
9.814102564107599449e-05
9.820512820517890765e-05
9.826923076928182081e-05
9.833333333338473397e-05
9.839743589748764713e-05
9.846153846159056029e-05
9.852564102569347346e-05
9.858974358979638662e-05
9.865384615389929978e-05
9.871794871800221294e-05
9.878205128210512610e-05
9.884615384620803926e-05
9.891025641031095242e-05
9.897435897441386559e-05
9.903846153851677875e-05
9.910256410261969191e-05
9.916666666672260507e-05
9.923076923082551823e-05
9.929487179492843139e-05
9.935897435903134455e-05
9.942307692313425772e-05
9.948717948723717088e-05
9.955128205134008404e-05
9.961538461544299720e-05
9.967948717954591036e-05
9.974358974364882352e-05
9.980769230775173668e-05
9.987179487185464985e-05
9.993589743595756301e-05
