1.120075288119415382e-07 1.144449736957060624e-07 -9.234379468565917433e-07
1.196686183897969143e-07 1.066046432132847054e-07 -9.235205337338794851e-07
1.104889105476420138e-07 1.137361415722142346e-07 -9.237756503293101315e-07
1.159559316358969991e-07 1.057413495901270362e-07 -9.242267279851993176e-07
1.059902754524824492e-07 1.116530144570748190e-07 -9.249107303256230655e-07
1.087647892854233394e-07 1.040413732317448674e-07 -9.258776959609300592e-07
9.868506753903324351e-08 1.083234439353122717e-07 -9.271875380864972003e-07
9.854188178633628845e-08 1.015625155892549557e-07 -9.289074854295083385e-07
8.886525396917491287e-08 1.039523599817138414e-07 -9.311084076942642779e-07
8.590230916890568172e-08 9.840017248849072616e-08 -9.338605263369173352e-07
7.693601351875163277e-08 9.880738567389810217e-08 -9.372291970802330065e-07
7.156361958820305049e-08 9.469008890845290550e-08 -9.412701861200831697e-07
6.339335125236926455e-08 9.319553507701610366e-08 -9.460259446775185851e-07
5.626338595582454801e-08 9.060327139971286036e-08 -9.515211257987908121e-07
4.878117978468259327e-08 8.743262788819941985e-08 -9.577603511679122355e-07
4.067281422482259167e-08 8.632875689762218189e-08 -9.647256977680687160e-07
3.363362160440086598e-08 8.180705091486745707e-08 -9.723772165052281954e-07
2.532577649554612324e-08 8.204854155836915964e-08 -9.806521627229821043e-07
1.842015666808249904e-08 7.654948745609550399e-08 -9.894681262599775033e-07
1.058016507531300882e-08 7.791180517304783569e-08 -9.987245582308668792e-07
3.508481655316272814e-09 7.181233901934646441e-08 -1.008306928535973949e-06
-3.381984612435413284e-09 7.401470061073824551e-08 -1.018090843659250157e-06
-1.084395293221232639e-08 6.766322581525829035e-08 -1.027945001504017017e-06
-1.652139723699206002e-08 7.039162178578275165e-08 -1.037737743615213204e-06
-2.447474505929512590e-08 6.409084086750957494e-08 -1.047337543463522516e-06
-2.889183766818905342e-08 6.701747439091642150e-08 -1.056620840500206173e-06
-3.728862517286286784e-08 6.101746633134604682e-08 -1.065470648702878573e-06
-4.058849320196212959e-08 6.381706852430396132e-08 -1.073784300996663016e-06
-4.922732417321877247e-08 5.831332022122087552e-08 -1.081471696338704302e-06
-5.170239696515868227e-08 6.067858104148306705e-08 -1.088460371127126691e-06
-6.024317177481459104e-08 5.580959110718590507e-08 -1.094695120664294438e-06
-6.228434037611089128e-08 5.746647091924542180e-08 -1.100139299296233893e-06
-7.027900489364390457e-08 5.330826771993826646e-08 -1.104776286629780376e-06
-7.231715591099683027e-08 5.403234561549890433e-08 -1.108607147061938278e-06
-7.925254910424031497e-08 5.059049148966488900e-08 -1.111652956372973284e-06
-8.169404811621358765e-08 5.022420910083234794e-08 -1.113950006789922136e-06
-8.704334805706726892e-08 4.742614391644982504e-08 -1.115551293279021109e-06
-9.020258648910007497e-08 4.589550553516664641e-08 -1.116520592300406983e-06
-9.348221243021490711e-08 4.358782914906418798e-08 -1.116931946858076035e-06
-9.751758822771029033e-08 4.091580093963238536e-08 -1.116863291094207623e-06
-9.834645864942127875e-08 3.887165196916969529e-08 -1.116394281756909619e-06
-1.032103046258710036e-07 3.518415694268159117e-08 -1.115599443315410666e-06
-1.013672026344755897e-07 3.312455325344102620e-08 -1.114545905114279838e-06
-1.067834328883255812e-07 2.864391793375241360e-08 -1.113286534892743780e-06
-1.022546017814954472e-07 2.627309747450454260e-08 -1.111859909413161753e-06
-1.077359872189637858e-07 2.129390850365741638e-08 -1.110284836581090469e-06
-1.007394906801667324e-07 1.834437931251320002e-08 -1.108563349701039825e-06
-1.056489250263409788e-07 1.319294886560520776e-08 -1.106678152650501267e-06
-9.662128157287890420e-08 9.473853529924142702e-09 -1.104596754069665981e-06
-1.002706184800261864e-07 4.455590881546404340e-09 -1.102273493640857612e-06
-8.980859360080090591e-08 -1.075889669146030546e-10 -1.099652629008479684e-06
-9.157793142655385672e-08 -4.761816761756589214e-09 -1.096674631657484129e-06
-8.034253928169542005e-08 -1.010335340480304378e-08 -1.093276960166084358e-06
-7.979629705479051217e-08 -1.427740423475896565e-08 -1.089402290969709308e-06
-6.840034540054237038e-08 -2.018749637429334096e-08 -1.084997687410103669e-06
-6.537748167327484665e-08 -2.389667931973121315e-08 -1.080022300248621783e-06
-5.428652308234789973e-08 -3.003953204648162056e-08 -1.074446003463402139e-06
-4.894781469171413987e-08 -3.342098968920622307e-08 -1.068254528654593217e-06
-3.841975164768191600e-08 -3.937260681539223472e-08 -1.061448797971475424e-06
-3.124211021563067103e-08 -4.265221814308668873e-08 -1.054047211331335823e-06
-2.131774358592682919e-08 -4.795300824825703397e-08 -1.046085646114067228e-06
-1.303397129008143632e-08 -5.139760418216703581e-08 -1.037617464603693784e-06
-3.577479548992695223e-09 -5.561214221012492656e-08 -1.028713467425173093e-06
4.928618848294965619e-09 -5.947616215560345439e-08 -1.019460374365081978e-06
1.415228797786874872e-08 -6.225147831653038197e-08 -1.009960076699681915e-06
2.197766300218376189e-08 -6.672972884652832270e-08 -1.000326816411223963e-06
3.121016028057676957e-08 -6.784427378936434312e-08 -9.906855569216360212e-07
3.756786559970076524e-08 -7.303901770268944585e-08 -9.811675766412667659e-07
4.697378951903264340e-08 -7.243489155712201261e-08 -9.719082217486869472e-07
5.130822322701101076e-08 -7.834248634591887583e-08 -9.630404640633925433e-07
6.092036625255844715e-08 -7.613608160467050046e-08 -9.546928339248423343e-07
6.297990470664797767e-08 -8.265236792337505972e-08 -9.469815994248575951e-07
7.268140013533774236e-08 -7.912068428826655667e-08 -9.400089882829699837e-07
7.253452249417520158e-08 -8.605980571181914400e-08 -9.338560508131309736e-07
8.207466674551741649e-08 -8.160596852948437104e-08 -9.285815968507969896e-07
8.006807121032289201e-08 -8.872501753599265936e-08 -9.242181401122469296e-07
8.909863295003819979e-08 -8.383038336871307457e-08 -9.207724463254944704e-07
8.577051230835000705e-08 -9.085193343459162165e-08 -9.182262639444918507e-07
9.388967218969213219e-08 -8.602411502135712529e-08 -9.165384465698791623e-07
8.986257102459130632e-08 -9.265259431357763104e-08 -9.156492917181096018e-07
9.665820282675456414e-08 -8.838044212329541603e-08 -9.154843028166496413e-07
9.253594672855548917e-08 -9.431504558609315744e-08 -9.159598185448159650e-07
9.762643091061666815e-08 -9.103588127178190362e-08 -9.169876847711224605e-07
9.391204886969432399e-08 -9.598313354547812651e-08 -9.184800419572937600e-07
9.698477050750267957e-08 -9.406100404119899330e-08 -9.203538463576049036e-07
9.402442269519239598e-08 -9.774950613967018080e-08 -9.225337537431968705e-07
9.486993698905338122e-08 -9.745950388829962243e-08 -9.249556913542666912e-07
9.282050155963536728e-08 -9.965749463208836664e-08 -9.275683684278837188e-07
9.135888607709303564e-08 -1.011715539275033080e-07 -9.303353283467311876e-07
9.017619891463957333e-08 -1.017066494563415640e-07 -9.332349348907928967e-07
8.647132912101596396e-08 -1.050784913939776197e-07 -9.362610537245493383e-07
8.591684702248513994e-08 -1.038576646312257091e-07 -9.394218025499414905e-07
8.017511036375547050e-08 -1.090079245853814073e-07 -9.427390738529829919e-07
7.984268482659299753e-08 -1.060351243080567469e-07 -9.462457841904010411e-07
7.239641329874650666e-08 -1.127397745780307579e-07 -9.499847445942573954e-07
7.176252627955816179e-08 -1.081279638576536935e-07 -9.540051888599852115e-07
6.303847036822084861e-08 -1.160151985996842394e-07 -9.583599724368401607e-07
6.153601836388448233e-08 -1.099902612446170682e-07 -9.631024484969018475e-07
5.201039837623912619e-08 -1.185525881263105893e-07 -9.682814180412740570e-07
4.912291633837904365e-08 -1.114466862075920435e-07 -9.739397363277657979e-07
3.926691859862178544e-08 -1.200726659223485179e-07 -9.801068897192254666e-07
3.463296571082919097e-08 -1.123042734730267226e-07 -9.868004533257949947e-07
2.485432505292002760e-08 -1.203308397230791704e-07 -9.940179189245224010e-07
1.836324717447669016e-08 -1.123709574546312996e-07 -1.001740690445357731e-06
8.952149510270594804e-09 -1.191522794971644268e-07 -1.009927338983595328e-06
8.066569646330944319e-10 -1.114782960268325107e-07 -1.018518718730683654e-06
-8.103036369922759871e-09 -1.164599263550134994e-07 -1.027434971245117163e-06
-1.737913008864189012e-08 -1.095021736205157989e-07 -1.036580370146808492e-06
-2.582036218758984094e-08 -1.122867069462278744e-07 -1.045844729277260938e-06
-3.543821471902021420e-08 -1.063769343521272389e-07 -1.055107370336820023e-06
-4.358410791822374977e-08 -1.067681525409542722e-07 -1.064241666211095712e-06
-5.260182037287465572e-08 -1.021002810967695649e-07 -1.073118321621492863e-06
-6.070223470638518936e-08 -1.001187873910564303e-07 -1.081610784814882217e-06
-6.816928024739708495e-08 -9.673144435422073833e-08 -1.089598244070889139e-06
-7.646246638171064274e-08 -9.260123365489552191e-08 -1.096970480199470862e-06
-8.156622982068609412e-08 -9.038569166739174170e-08 -1.103629710214543384e-06
-9.018828726502916672e-08 -8.449638669059614119e-08 -1.109494579376338490e-06
-9.237580799036548774e-08 -8.322804433205701582e-08 -1.114500641115754652e-06
-1.012925870435675134e-07 -7.608032162044283605e-08 -1.118603924641995723e-06
-1.003457341224420456e-07 -7.546570256310374451e-08 -1.121779374758348527e-06
-1.093253270355115680e-07 -6.760859552384151102e-08 -1.124023431177348087e-06
-1.053797492583981579e-07 -6.733835883450346930e-08 -1.125351359591793235e-06
-1.140148137233969102e-07 -5.930748130054713615e-08 -1.125798280675048192e-06
-1.075222926061089725e-07 -5.910435021089302917e-08 -1.125416444292211749e-06
-1.152964109651327863e-07 -5.136820070799568323e-08 -1.124272725285484441e-06
-1.069400833694209792e-07 -5.102088355294522207e-08 -1.122447357282995816e-06
-1.133218041697095800e-07 -4.394116720534456272e-08 -1.120027186161215795e-06
-1.039009784661519148e-07 -4.331877653984549744e-08 -1.117106313646673016e-06
-1.084409846593341316e-07 -3.712792008952505060e-08 -1.113776053669254166e-06
-9.874627553587009474e-08 -3.617471782445318346e-08 -1.110126614244587700e-06
-1.011528106875554020e-07 -3.097156178765470352e-08 -1.106237015905669448e-06
-9.185264724742421208e-08 -2.968731365285947203e-08 -1.102176891966895665e-06
-9.202799833011019457e-08 -2.544785704456495244e-08 -1.097999302992779704e-06
-8.358476533810618256e-08 -2.386267703983600544e-08 -1.093741626542932046e-06
-8.162096474088427571e-08 -2.046256184141604184e-08 -1.089423374176559340e-06
-7.424890300509494042e-08 -1.861737296997451869e-08 -1.085046616213212485e-06
-7.039422577282309090e-08 -1.586029729011725455e-08 -1.080598215258785782e-06
-6.406134198817425889e-08 -1.379827528978338202e-08 -1.076050870029186251e-06
-5.867470987073608318e-08 -1.144436443342832083e-08 -1.071367521506503519e-06
-5.314175445166011738e-08 -9.212434471363190403e-09 -1.066503652369376868e-06
-4.664804576405753324e-08 -7.002867956012358148e-09 -1.061411830564139237e-06
-4.153204742542970535e-08 -4.657366943180287391e-09 -1.056044690837528223e-06
-3.438290770831630473e-08 -2.334789018462977382e-09 -1.050358951211541605e-06
-2.923266236000592263e-08 5.566796695311497255e-11 -1.044317990800675401e-06
-2.187016404234345426e-08 2.728746338423123206e-09 -1.037895673612126700e-06
-1.624289857085268245e-08 5.087611126279728973e-09 -1.031077206846391606e-06
-9.062941045518507554e-09 8.309589345890980560e-09 -1.023863038704093828e-06
-2.597102489760910252e-09 1.056504059021213097e-08 -1.016267931070403413e-06
4.087128384023746832e-09 1.447401663921977093e-08 -1.008324320605014107e-06
1.160778448187221072e-08 1.657762966726316659e-08 -1.000080420431735956e-06
1.759864100179131157e-08 2.122900656177454112e-08 -9.916018049953184968e-07
2.619424624609323862e-08 2.317579051472672618e-08 -9.829700215984941479e-07
3.143195647467874498e-08 2.852178428770956646e-08 -9.742811369905291210e-07
4.089466283408200676e-08 3.036583412825339652e-08 -9.656449734029576044e-07
4.546112806861492332e-08 3.624101159634235668e-08 -9.571805326319909983e-07
5.534884060507131892e-08 3.810145593824082732e-08 -9.490154067043683743e-07
5.944797021566955146e-08 4.422028645819475035e-08 -9.412783256441126861e-07
6.911071327197033529e-08 4.627473804480385239e-08 -9.340978510864794366e-07
7.302326381371700328e-08 5.224657606434376771e-08 -9.275943028341848320e-07
8.166672131116183439e-08 5.471088101812720434e-08 -9.218773309256985345e-07
8.568509555635526420e-08 6.007598887966889930e-08 -9.170386420022766743e-07
9.247148298874069520e-08 6.317275827862428978e-08 -9.131493426590930019e-07
9.682617266691635230e-08 6.745812435059509694e-08 -9.102556838206432750e-07
1.010020276911827351e-07 7.137865379823498742e-08 -9.083778449198654453e-07
1.057945171016609972e-07 7.416580582602713688e-08 -9.075093754307245262e-07
1.068212758264514023e-07 7.903184328387658283e-08 -9.076185125886307493e-07
1.119777321170012888e-07 8.002312658869570205e-08 -9.086511486496869850e-07
1.096325659041891258e-07 8.585516358394935038e-08 -9.105342022726223028e-07
1.148895790662394984e-07 8.492320810889656637e-08 -9.131808624290709240e-07
1.093083823067422727e-07 9.162129114293353465e-08 -9.164945175085035743e-07
1.142373915910868757e-07 8.883115871758370828e-08 -9.203746208035587222e-07
1.058885821126353528e-07 9.617295441588142671e-08 -9.247199698449521361e-07
1.099588594704312233e-07 9.177449289024016053e-08 -9.294335776933141331e-07
9.955642461980620574e-08 9.943220502013649019e-08 -9.344250931215141532e-07
1.022275404354606634e-07 9.382712179954870297e-08 -9.396140977193724494e-07
9.060641501943123436e-08 1.014017425360513925e-07 -9.449319647950412798e-07
9.143320198834568734e-08 9.509480726452404198e-08 -9.503229583342289163e-07
7.941500051756651230e-08 1.021620869124970461e-07 -9.557456924372760558e-07
7.814219273587401525e-08 9.570483651242599801e-08 -9.611726468912504890e-07
6.641740720277901172e-08 1.018642401866611289e-07 -9.665908478969955334e-07
6.304264773398656105e-08 9.580005764834072886e-08 -9.720006752110988037e-07
5.208908708354744750e-08 1.007185057540458369e-07 -9.774150216112313802e-07
4.687930476702687711e-08 9.553577868663758863e-08 -9.828581283020890993e-07
3.692693023209256096e-08 9.897885992189033810e-08 -9.883628913409293807e-07
3.038298736659064567e-08 9.507681418397941931e-08 -9.939697277826733871e-07
2.142442276382268308e-08 9.692338148638984277e-08 -9.997220803430417618e-07
1.420097429895882047e-08 9.459137012747293492e-08 -1.005664830449198160e-06
6.038850936203118707e-09 9.482991937347434294e-08 -1.011838722567597899e-06
-1.162904316935922625e-09 9.423771400228767189e-08 -1.018278346789930504e-06
-8.846916066073391787e-09 9.294775591318631726e-08 -1.025006771021997688e-06
-1.538755163397464161e-08 9.414340897985453832e-08 -1.032033741297384932e-06
-2.295390708534489413e-08 9.146988715350734250e-08 -1.039350732508473833e-06
-2.833996596714002194e-08 9.438168966713882051e-08 -1.046931381382708648e-06
-3.611613369092739888e-08 9.051133533456669161e-08 -1.054727167428777623e-06
-4.004613600926799999e-08 9.495184846909413202e-08 -1.062671810355411875e-06
-4.826203285548762242e-08 9.009905211870589221e-08 -1.070678040810350637e-06
-5.063308616917897759e-08 9.577211127915436992e-08 -1.078645396889723900e-06
-5.937254059905806708e-08 9.017609802365527218e-08 -1.086458960937296684e-06
-6.025921826476976120e-08 9.668921346863093551e-08 -1.093998279643404565e-06
-6.943168008417023292e-08 9.061753168399712149e-08 -1.101139070157870835e-06
-6.905159159722518363e-08 9.750147870334277525e-08 -1.107759346841884599e-06
-7.838745272162644797e-08 9.125065363192662698e-08 -1.113744547104902221e-06
-7.706296288366954525e-08 9.798730586165903292e-08 -1.118988978461736971e-06
-8.613342056741707061e-08 9.187341726573953614e-08 -1.123403597303554307e-06
-8.425027358579799500e-08 9.793158910137976978e-08 -1.126913127615315476e-06
-9.250952618529833076e-08 9.226802076364158333e-08 -1.129464550926095312e-06
-9.046934256175088494e-08 9.714553438783823375e-08 -1.131021918388629670e-06
-9.731489468459861109e-08 9.221048990941197748e-08 -1.131573232545665810e-06
-9.548012202801904043e-08 9.547890923592988861e-08 -1.131125043110731727e-06
-1.003252884790987947e-07 9.147873081336542054e-08 -1.129706412829567687e-06
-9.896000937398845901e-08 9.282630129473945419e-08 -1.127364565355529898e-06
-1.013112532906648923e-07 8.986396720081393845e-08 -1.124165393312774861e-06
-1.005265894217065384e-07 8.913155507342803625e-08 -1.120189752484077398e-06
-1.000570664461036081e-07 8.718691704613232777e-08 -1.115531461107345375e-06
-9.977377045698551485e-08 8.438977249763995302e-08 -1.110293567235958438e-06
-9.638247542473184508e-08 8.331837756154107117e-08 -1.104584779384743679e-06
-9.632313375619467334e-08 7.864953295499619276e-08 -1.098515126602833316e-06
-9.016896219873560760e-08 7.820268655026472497e-08 -1.092191409024004031e-06
-8.989091332083021558e-08 7.201323436260413692e-08 -1.085714032262389327e-06
-8.139073535276158371e-08 7.187652178909063794e-08 -1.079171629545490146e-06
-8.035970850593525349e-08 6.463307531470502100e-08 -1.072640053240371045e-06
-7.014302164325831848e-08 6.447694602892954168e-08 -1.066176316672229606e-06
-6.783877651275018784e-08 5.670063793266761366e-08 -1.059821282882305638e-06
-5.665945224105764560e-08 5.623230719814452357e-08 -1.053594257674517095e-06
-5.269062839974906562e-08 4.842922430257304136e-08 -1.047498809306141580e-06
-4.130839796101449088e-08 4.743515653319019807e-08 -1.041519744245808904e-06
-3.551063330536593723e-08 4.003233199954543846e-08 -1.035629874034082100e-06
-2.456819109088094758e-08 3.840490633553900805e-08 -1.029790437803447817e-06
-1.706335906836984983e-08 3.170446135395319991e-08 -1.023956716919699233e-06
-6.990328274750552169e-09 2.944928852927857280e-08 -1.018081627433266240e-06
1.805894680686018952e-09 2.360807814447858228e-08 -1.012119140330619608e-06
1.083861700559376156e-08 2.083344028828777938e-08 -1.006029432339484685e-06
2.026222852609330135e-08 1.586839721593907005e-08 -9.997804551567318854e-07
2.832898922029445111e-08 1.276058829442031310e-08 -9.933527630555809802e-07
3.755757721132481936e-08 8.573836716718007174e-09 -9.867398614898068392e-07
4.491419873198407975e-08 5.363163877491782655e-09 -9.799514823603675331e-07
5.308544135094044757e-08 1.777576184651335143e-09 -9.730134485221364299e-07
6.007477448374297889e-08 -1.298842359875848050e-09 -9.659689248283315992e-07
6.641243378675371035e-08 -4.501265384392402469e-09 -9.588775808628686818e-07
7.336418861110380611e-08 -7.234396025309080723e-09 -9.518150414560639991e-07
7.728992354736912611e-08 -1.027979621659056265e-08 -9.448708891513781403e-07
8.443746250012667163e-08 -1.251748297863310153e-08 -9.381465243130739224e-07
8.564939869311564167e-08 -1.561672854992758412e-08 -9.317519620759637532e-07
9.307973354361717722e-08 -1.728177184261726388e-08 -9.258023126300995650e-07
9.158462921113122073e-08 -2.061614301243875497e-08 -9.204133712893867090e-07
9.922539197940190176e-08 -2.171241676660935902e-08 -9.156971095299826608e-07
9.531855921497034105e-08 -2.542589930414092057e-08 -9.117569111667122548e-07
1.029556888650939979e-07 -2.603216104345001035e-08 -9.086828291170847818e-07
9.715425545404803713e-08 -3.022411183390748898e-08 -9.065471279269686993e-07
1.044672339074434858e-07 -3.047955013414583981e-08 -9.054013696235795518e-07
9.741275748122756014e-08 -3.519405057647234660e-08 -9.052728729487648813e-07
1.040150195202930962e-07 -3.528133399852470419e-08 -9.061654549282121026e-07
9.636810253036482851e-08 -4.049201439972552245e-08 -9.080571242679751148e-07
1.018467957024872475e-07 -4.062351182249889598e-08 -9.109047445977579147e-07
9.419569165194778240e-08 -4.621801431975085644e-08 -9.146430638113676026e-07
9.815222354900656799e-08 -4.662789124426447020e-08 -9.191917900177545474e-07
9.094751902207198823e-08 -5.239914478725765132e-08 -9.244559773729594848e-07
9.304087730499288341e-08 -5.333860857611348859e-08 -9.303331581124204502e-07
8.655733422657376226e-08 -5.898929773818671716e-08 -9.367151360525354426e-07
8.654913078445932601e-08 -6.071889793496633549e-08 -9.434933698880060802e-07
8.086968428187941008e-08 -6.588242654061367395e-08 -9.505615570569545415e-07
7.866507262007586202e-08 -6.865529931893932529e-08 -9.578189497389936656e-07
7.368264130905785790e-08 -7.293216490144023608e-08 -9.651729550520880051e-07
6.935835565606145029e-08 -7.696599825964060745e-08 -9.725409300085438467e-07
6.479472760065133331e-08 -7.997132099710547168e-08 -9.798523191178149482e-07
5.860697816971507776e-08 -8.541129267429097705e-08 -9.870493437784181830e-07
5.405255238514546138e-08 -8.682643115974598130e-08 -9.940885752084510981e-07
4.641959056007287852e-08 -9.370578254281036594e-08 -1.000940263809311251e-06
4.139459018398883348e-08 -9.332671321673117090e-08 -1.007589844298210127e-06
3.285270635748205176e-08 -1.015338538237301682e-07 -1.014035227425346426e-06
2.688874657844694099e-08 -9.930853638113870430e-08 -1.020288944140609078e-06
1.802668822205400801e-08 -1.085695811868525441e-07 -1.026372818867700660e-06
1.076135326078518663e-08 -1.046180558094631236e-07 -1.032320291164711981e-06
2.142706252841427423e-09 -1.145019803094317455e-07 -1.038169067221365485e-06
-6.586402807561749724e-09 -1.091149164852850222e-07 -1.043962435619935451e-06
-1.450002104642534070e-08 -1.190648761705326284e-07 -1.049741629389947931e-06
-2.458121753666021964e-08 -1.126796163785375523e-07 -1.055544654537906879e-06
-3.149295122123420327e-08 -1.220690086198870156e-07 -1.061400720858263525e-06
-4.250805008491402255e-08 -1.152251417268536327e-07 -1.067326470894015769e-06
-4.832122039772066460e-08 -1.234297200610076052e-07 -1.073324121969702481e-06
-5.957028249846051342e-08 -1.167091006573292069e-07 -1.079376817360820010e-06
-6.438702009764103398e-08 -1.231819208210559276e-07 -1.085450514543688512e-06
-7.497471578535022777e-08 -1.171420265077669558e-07 -1.091490871123130292e-06
-7.905517178763944739e-08 -1.214761929451549680e-07 -1.097427687900062955e-06
-8.802517156514192493e-08 -1.165872786077159902e-07 -1.103175175635408253e-06
-9.171211558885864285e-08 -1.185551951290334765e-07 -1.108637217371077375e-06
-9.819981497547468689e-08 -1.151519984988003951e-07 -1.113710618894291460e-06
-1.018235881945388115e-07 -1.147171915387847128e-07 -1.118290014876658707e-06
-1.051930879315094148e-07 -1.129729451989577434e-07 -1.122272176808646588e-06
-1.089802673107097535e-07 -1.102776243166281179e-07 -1.125559958602194350e-06
-1.089186550561021188e-07 -1.102024991829937192e-07 -1.128066150348948854e-06
-1.129282965776867061e-07 -1.055376465055806534e-07 -1.129716538144429727e-06
-1.094819313168187658e-07 -1.069977882262376181e-07 -1.130452626138739455e-06
-1.135847626700954453e-07 -1.007630980732552459e-07 -1.130232943919700921e-06
-1.071363845387656465e-07 -1.035123058997651971e-07 -1.129035779738634109e-06
-1.110414562666656070e-07 -9.617180460309656362e-08 -1.126857772264159597e-06
-1.022372394636396411e-07 -9.988745384002702045e-08 -1.123717273620245395e-06
-1.055565605679878976e-07 -9.192681631162420956e-08 -1.119649931841835565e-06
-9.519884232724949860e-08 -9.624377869164902808e-08 -1.114712797846689094e-06
-9.753176910331594237e-08 -8.813296157518230534e-08 -1.108977697867826950e-06
-8.645732622991962498e-08 -9.267063714761398339e-08 -1.102534717873936062e-06
-8.747296972768290658e-08 -8.483354943757658097e-08 -1.095485132406080718e-06
-7.643703476622220805e-08 -8.921457816356376905e-08 -1.087942147896092559e-06
-7.593522692547235121e-08 -8.200611150963180427e-08 -1.080025283690628266e-06
-6.551838970142185557e-08 -8.586856541121920609e-08 -1.071857060627010786e-06
-6.345740138942695354e-08 -7.955846894459518851e-08 -1.063559827599338845e-06
-5.400716432647507313e-08 -8.256664839081529207e-08 -1.055248657335113208e-06
-5.049791987309669096e-08 -7.732912850379087616e-08 -1.047030686100122285e-06
-4.210977152210707304e-08 -7.918802015078367065e-08 -1.038996721448301706e-06
-3.738636924293305603e-08 -7.509564229123426419e-08 -1.031222321200108299e-06
-2.992326832298581447e-08 -7.557300545020801978e-08 -1.023761051447167226e-06
-2.430654635476041187e-08 -7.259515659603043585e-08 -1.016646846543332495e-06
-1.745070392147719715e-08 -7.154962341743695856e-08 -1.009891189722226002e-06
-1.131712340426396815e-08 -6.955563698738419635e-08 -1.003486763362717460e-06
-4.643410045035078961e-09 -6.696311897252613930e-08 -9.974085223668628547e-07
1.599110775469818851e-09 -6.573133306976565533e-08 -9.916185372114164276e-07
8.540493046361172809e-09 -6.169905768077365142e-08 -9.860693881138900300e-07
1.447734816934149492e-08 -6.093375771407000348e-08 -9.807094214245930152e-07
2.207958617486638208e-08 -5.569385076536858253e-08 -9.754868383627136163e-07
2.732281899536272400e-08 -5.505213319715991011e-08 -9.703540083617473213e-07
3.585003845452129967e-08 -4.893320197336206156e-08 -9.652715160095084815e-07
4.008090130572772614e-08 -4.806228192187504213e-08 -9.602102461343358644e-07
4.960988466847332138e-08 -4.144429444490376916e-08 -9.551553680653450618e-07
5.262266371325615938e-08 -4.002697383572801509e-08 -9.501057152945110227e-07
6.300450002929889625e-08 -3.328783222414306229e-08 -9.450775081066384861e-07
6.473948246046014286e-08 -3.108914634358989701e-08 -9.401014078130625082e-07
7.558770468181439299e-08 -2.455294509295299253e-08 -9.352254114289908678e-07
7.614130077921662714e-08 -2.146106735129955719e-08 -9.305105591590272612e-07
8.685245839804045841e-08 -1.535766571030117655e-08 -9.260320975903394781e-07
8.645780120340459781e-08 -1.141072640709691108e-08 -9.218747254592059120e-07
9.626827441337100432e-08 -5.853209633791359694e-09 -9.181315440356702704e-07
9.524678447283250840e-08 -1.244814487054800795e-09 -9.148995037740967571e-07
1.033248023619368907e-07 3.773247696082986778e-09 -9.122762161931143520e-07
1.020167356274265112e-07 8.715042872574516825e-09 -9.103555817527046232e-07
1.075810809899156674e-07 1.330229291791270171e-08 -9.092233319422827000e-07
1.062689517347763502e-07 1.816048740171901864e-08 -9.089529980851986692e-07
1.087170025123645130e-07 2.249433426243698903e-08 -9.096021302352216215e-07
1.075594681758785374e-07 2.682725545869861691e-08 -9.112092487552620526e-07
1.065796458862926743e-07 3.111255602238103856e-08 -9.137914064320355044e-07
1.055715136955149600e-07 3.452482130522716347e-08 -9.173428146880136000e-07
1.012113126131258038e-07 3.895162001168854012e-08 -9.218346462084316293e-07
1.001797333974659343e-07 4.115589280534219079e-08 -9.272155438153148912e-07
9.284823127541535966e-08 4.586365550492573545e-08 -9.334137230077979415e-07
9.148778575866277345e-08 4.672043154538889017e-08 -9.403390879925553632e-07
8.188844510158026542e-08 5.177432656986048901e-08 -9.478878310631219207e-07
7.982886164274195938e-08 5.130429174392721073e-08 -9.559444752071074992e-07
6.883789360957784149e-08 5.668642019280972966e-08 -9.643879115518285327e-07
6.573086835289709255e-08 5.505722022489489586e-08 -9.730934822978834006e-07
5.425161184883998625e-08 6.067203410140005435e-08 -9.819386619022705368e-07
4.985902492038529674e-08 5.816748202998719852e-08 -9.908051386334486213e-07
3.868472876636494855e-08 6.385822262156581283e-08 -9.995833231913768160e-07
3.294835329452985469e-08 6.083995769343909679e-08 -1.008174896826032175e-06
2.265907952413285389e-08 6.641182427085881872e-08 -1.016494330761727732e-06
1.573612139039468781e-08 6.328092284275763211e-08 -1.024472613095475612e-06
6.644199173027310740e-09 6.852462558400500000e-08 -1.032055763230697444e-06
-1.099355982226604873e-09 6.568779429217860819e-08 -1.039209008014065618e-06
-8.952999635781094376e-09 7.039912870220609758e-08 -1.045912965971324797e-06
-1.699004841133041974e-08 6.824161129217217154e-08 -1.052167088853261924e-06
-2.379615358835455706e-08 7.223452238064028569e-08 -1.057985209587473568e-06
-3.151672202679349935e-08 7.109978804743561189e-08 -1.063396690324414800e-06
-3.762829368575462686e-08 7.421295298222222678e-08 -1.068441735606806037e-06
-4.443137048311135080e-08 7.438603635908507291e-08 -1.073169768488622999e-06
-5.028081596234282062e-08 7.648333400316878131e-08 -1.077634770315678791e-06
-5.565939418392952073e-08 7.817437027539799389e-08 -1.081891820363078919e-06
-6.167500588858428710e-08 7.914427757212820185e-08 -1.085991981041192362e-06
-6.527583327326582349e-08 8.247103379874681340e-08 -1.089978532330389852e-06
-7.180761549556772643e-08 8.222940251681317280e-08 -1.093881988502430203e-06
-7.345640072503006824e-08 8.719733491834223288e-08 -1.097717769942670027e-06
-8.071502954326063906e-08 8.569884540407754281e-08 -1.101483389616555440e-06
-8.040861537528358065e-08 9.218477308400323362e-08 -1.105157151086225326e-06
-8.842183636602613389e-08 8.944437014495464969e-08 -1.108699659399471963e-06
-8.630153334061904073e-08 9.718739984533186700e-08 -1.112052700863773557e-06
-9.489259233593315148e-08 9.330493071578050517e-08 -1.115146752291178058e-06
-9.121192574115575023e-08 1.019108204405917188e-07 -1.117898168834255293e-06
-1.000039041858516903e-07 9.708924619137237298e-08 -1.120221041129382032e-06
-9.509863886664538023e-08 1.060507933088892698e-07 -1.122022918793917558e-06
-1.035482644216210388e-07 1.005970463085791904e-07 -1.123217743120230808e-06
-9.780599515283975411e-08 1.093305459569917919e-07 -1.123721587608672787e-06
-1.052647903458043531e-07 1.036343363936448787e-07 -1.123463204336712595e-06
-9.908690873552291554e-08 1.115295157731496590e-07 -1.122381480918956623e-06
-1.048834974458403080e-07 1.060223343299783625e-07 -1.120431676419191761e-06
-9.863605894043432660e-08 1.125005826600825999e-07 -1.117585210216980439e-06
-1.021697002494102456e-07 1.076028008363941901e-07 -1.113831690940965729e-06
-9.612737973411922963e-08 1.121766321610684776e-07 -1.109180257631763933e-06
-9.695995585823364597e-08 1.082433093500831320e-07 -1.103658793255189044e-06
-9.125441223190918046e-08 1.105690614263954843e-07 -1.097315314526109240e-06
-8.918700851798609039e-08 1.078448119297854058e-07 -1.090215797456264439e-06
-8.377469223299882063e-08 1.077608998830731392e-07 -1.082444558420513385e-06
-7.889473838619286206e-08 1.063525645529645281e-07 -1.074101189700961892e-06
-7.355647117369907610e-08 1.038978916036692212e-07 -1.065299536746892690e-06
-6.624478060269490296e-08 1.037697112325329963e-07 -1.056163327861926328e-06
-6.062620557107692420e-08 9.917813486537833040e-08 -1.046824147886824128e-06
-5.151926521725533644e-08 1.001689192714113254e-07 -1.037415319909010555e-06
-4.521009170199947119e-08 9.383943155304557163e-08 -1.028069475103887183e-06
-3.511856451751415334e-08 9.569695548276565614e-08 -1.018911294539137733e-06
-2.775739313316342726e-08 8.814328842479034140e-08 -1.010054884128282826e-06
-1.754992787671992827e-08 9.056677935493159250e-08 -1.001597538270713885e-06
-8.930702283286099481e-09 8.235375949137569438e-08 -9.936170849402049135e-07
5.986919068819959890e-10 8.503393037352312314e-08 -9.861693578877962945e-07
1.044567045204256175e-08 7.671188348796321833e-08 -9.792861039296965616e-07
1.870082494266502501e-08 7.936102040183694143e-08 -9.729775705847244138e-07
2.947614587974231096e-08 7.141086097518304839e-08 -9.672312249543979790e-07
3.614316746222975556e-08 7.378056600487359399e-08 -9.620184585667873314e-07
4.730019184675570745e-08 6.657854604099378507e-08 -9.572951383660724671e-07
5.237118839571698460e-08 6.846710224634537105e-08 -9.530095541896265946e-07
6.318636356580911563e-08 6.227122868495239418e-08 -9.491040743808374516e-07
6.691901152593275467e-08 6.352441522103716862e-08 -9.455218741169500846e-07
7.659456789284907476e-08 5.847768782029013064e-08 -9.422091740655859588e-07
7.942253545764385778e-08 5.898643652879279866e-08 -9.391196389184695007e-07
8.720171226537361227e-08 5.512869701651509393e-08 -9.362162789427011891e-07
8.962168123898740889e-08 5.482558090545688846e-08 -9.334737952837134299e-07
9.489641875714678938e-08 5.210692512332692236e-08 -9.308797852599088794e-07
9.736030585428059880e-08 5.096370048300199206e-08 -9.284354197530324333e-07
9.975477311642550512e-08 4.925636746475126404e-08 -9.261555675680918581e-07
1.025872424603061802e-07 4.728286446516044177e-08 -9.240683575932344117e-07
1.020026117180110444e-07 4.639013146623552076e-08 -9.222142465863835924e-07
1.053547323502014310e-07 4.363394903856990907e-08 -9.206448369702768071e-07
1.019693082971000590e-07 4.329854818381682116e-08 -9.194206483735714720e-07
1.058092946588919204e-07 3.984458452807432339e-08 -9.186096010807287780e-07
1.000360935407440102e-07 3.976055018344127354e-08 -9.182833086433434109e-07
1.041704403158950419e-07 3.572848855194358006e-08 -9.185161624979819420e-07
9.658294162237526859e-08 3.556038824386471634e-08 -9.193793247643571325e-07
1.006957342569320971e-07 3.109795450164488371e-08 -9.209408148978781923e-07
9.193590439080630386e-08 3.051096726276255117e-08 -9.232576459169060753e-07
9.563412312370093390e-08 2.578131260766562974e-08 -9.263769598987722552e-07
8.632145086629717675e-08 2.448233097720745520e-08 -9.303279613611652221e-07
8.918117940844862815e-08 1.964465790618781393e-08 -9.351236224097475113e-07
7.983753804489189413e-08 1.742857990332506441e-08 -9.407546613361425073e-07
8.145041464390168581e-08 1.261240463255107644e-08 -9.471912445556786136e-07
7.245003916359602228e-08 9.403665514781239713e-09 -9.543812878626337161e-07
7.247413477721955275e-08 4.681094883078851272e-09 -9.622515470092758353e-07
6.401983623380853022e-08 5.589631211967241128e-10 -9.707106166032429413e-07
6.223454948911900955e-08 -4.076233909014130930e-09 -9.796499895596758294e-07
5.435514139434209263e-08 -8.876002942470516991e-09 -9.889501237549466959e-07
5.071239624494347717e-08 -1.351491905479435414e-08 -9.984821600269798308e-07
4.327587110540212481e-08 -1.862584848290382499e-08 -1.008114648127295623e-06
3.793389375429608406e-08 -2.343132194545009873e-08 -1.017716026982088030e-06
3.067484441848813363e-08 -2.840481744594816905e-08 -1.027160350388315101e-06
2.400147962521566295e-08 -3.357833403686744510e-08 -1.036329804391351714e-06
1.656519638762164200e-08 -3.794625263847367798e-08 -1.045118972836331911e-06
9.104544962018347830e-09 -4.368116764211529838e-08 -1.053436396773143766e-06
1.110118875697831218e-09 -4.702192173121987980e-08 -1.061208016703299464e-06
-6.484686122528097582e-09 -5.345281095979190011e-08 -1.068377014595301171e-06
-1.536520857803264315e-08 -5.545068851984013179e-08 -1.074906267760634785e-06
-2.242205475435315770e-08 -6.261039914377917844e-08 -1.080776894567649006e-06
-3.237777664128919548e-08 -6.309999018446226196e-08 -1.085988812953998733e-06
-3.830208766468596322e-08 -7.089380564191749365e-08 -1.090559278807942239e-06
-4.930672778030176109e-08 -6.988399431033991197e-08 -1.094520670921018395e-06
-5.366697388568883905e-08 -7.808698382040651378e-08 -1.097919538010103666e-06
-6.543070844015501804e-08 -7.576198971115231909e-08 -1.100810981011659442e-06
-6.801720312230770760e-08 -8.404123319448639073e-08 -1.103258244175783507e-06
-7.998455597380916088e-08 -8.073976459793226827e-08 -1.105324674591034777e-06
-8.083093036185275482e-08 -8.869744815814506203e-08 -1.107073511876141556e-06
-9.223524271659076949e-08 -8.487357025307520507e-08 -1.108560633050469917e-06
-9.159695961358409561e-08 -9.210030395118955615e-08 -1.109833054403287626e-06
-1.015665502385822558e-07 -8.826996116096562797e-08 -1.110924596866732916e-06
-9.985860481336989969e-08 -9.439536021204767210e-08 -1.111853074105607142e-06
-1.075555757610685997e-07 -9.107866845166425648e-08 -1.112620511733638232e-06
-1.052607395865651791e-07 -9.580908544314984879e-08 -1.113210278389966349e-06
-1.100220612902129831e-07 -9.347597152238831022e-08 -1.113591094958223074e-06
-1.075894241822907291e-07 -9.661350165238262912e-08 -1.113715564661220334e-06
-1.090372983380104113e-07 -9.564114668054625521e-08 -1.113526068177863707e-06
-1.067926968549962129e-07 -9.708673644717563543e-08 -1.112955275852632094e-06
-1.048898885557909243e-07 -9.773268552478880605e-08 -1.111932571492131000e-06
-1.029790470324279254e-07 -9.747948819054541396e-08 -1.110385864083178170e-06
-9.802230557480190207e-08 -9.986942659362626182e-08 -1.108247510077274400e-06
-9.639910920784698293e-08 -9.799328937127300234e-08 -1.105456119287594795e-06
-8.895828152155244593e-08 -1.021196047235520045e-07 -1.101962233714519622e-06
-8.741713367282725498e-08 -9.877059261349992243e-08 -1.097728525980664802e-06
-7.823727563122167701e-08 -1.044971215979863628e-07 -1.092734956595910651e-06
-7.647813262876974295e-08 -9.989362370655794928e-08 -1.086977603759306483e-06
-6.636510284730774172e-08 -1.069639126221585136e-07 -1.080472675494970428e-06
-6.407234065603965246e-08 -1.013871229661883268e-07 -1.073255054284075761e-06
-5.378145897344993858e-08 -1.094344930780110073e-07 -1.065379573739534846e-06
-5.069773775191727565e-08 -1.032202182362828620e-07 -1.056920278949691931e-06
-4.084082541496444719e-08 -1.117812768565755365e-07 -1.047968171479709502e-06
-3.682007150461052221e-08 -1.053064754913065777e-07 -1.038631386456320182e-06
-2.780136461076743884e-08 -1.138406379583572436e-07 -1.029029537211830987e-06
-2.283338357634886140e-08 -1.075026887483927574e-07 -1.019293939432086606e-06
-1.481984647223100295e-08 -1.154209265896324274e-07 -1.009559794250542065e-06
-9.027991378044464703e-09 -1.096094629401061259e-07 -9.999652161183442509e-07
-1.954635163933378366e-09 -1.163150013868432259e-07 -9.906431546094905393e-07
4.424213542565380748e-09 -1.113782604944816318e-07 -9.817187311082918203e-07
1.081722768209474917e-08 -1.163197920692596327e-07 -9.733027468901679632e-07
1.745784111802907364e-08 -1.125298308380254876e-07 -9.654883919429020801e-07
2.356283440134968491e-08 -1.152627971102982971e-07 -9.583477526777532011e-07
3.007423036162461231e-08 -1.127831195535353624e-07 -9.519295030985388617e-07
3.633785639067242497e-08 -1.130276128933800954e-07 -9.462589792896761687e-07
4.228454900893831149e-08 -1.118895381431351443e-07 -9.413384615660971720e-07
4.912444687120404512e-08 -1.095727809437575922e-07 -9.371502009942083977e-07
5.405551143115301570e-08 -1.096661275633078480e-07 -9.336585843376790639e-07
6.178243944794091475e-08 -1.049366514053448904e-07 -9.308150548535137267e-07
6.527636737980724704e-08 -1.060176959541119893e-07 -9.285608715555632267e-07
7.402954834882448300e-08 -9.922641373934037818e-08 -9.268331260151128203e-07
7.575136451378882276e-08 -1.009454775053391332e-07 -9.255665449055043255e-07
8.545264555671174311e-08 -9.259788954973380676e-08 -9.246992311296550998e-07
8.521090929915019471e-08 -9.454440362036675406e-08 -9.241733310801397023e-07
9.554503128043203474e-08 -8.523415121242821267e-08 -9.239395790036766078e-07
9.333189349560686596e-08 -8.699266245376165936e-08 -9.239573296538229009e-07
1.037593360371251869e-07 -7.732876197436159716e-08 -9.241973322408081189e-07
9.975950378901089755e-08 -7.853629302083379446e-08 -9.246416560491102540e-07
1.095661144867433206e-07 -6.907573858504339860e-08 -9.252846802724461033e-07
1.041285066840066205e-07 -6.947028681874358657e-08 -9.261329450780646586e-07
1.125107189392921500e-07 -6.066525095870026651e-08 -9.272047919305085798e-07
1.060861920785921467e-07 -6.011680702235466485e-08 -9.285296984427585542e-07
1.122633273474711518e-07 -5.228220489187979164e-08 -9.301470640922981542e-07
1.053206988704195106e-07 -5.080091713366565979e-08 -9.321045136766905993e-07
1.086585606657847040e-07 -4.410409163159735822e-08 -9.344560098202069832e-07
1.015973088381296238e-07 -4.182443717543888828e-08 -9.372589335723635721e-07
1.017217962069065284e-07 -3.629469829732842817e-08 -9.405713984258262794e-07
9.480165626321714306e-08 -3.343919212006907179e-08 -9.444483612607780454e-07
9.167893259174755480e-08 -2.899169339636119345e-08 -9.489381935568687703e-07
8.498313868302918230e-08 -2.582216785281946425e-08 -9.540783981936686733e-07
7.894545852543805914e-08 -2.228903756416157015e-08 -9.598922466821742324e-07
7.238600076124956356e-08 -1.905682048611406003e-08 -9.663848701487645412e-07
6.409112671263574666e-08 -1.621907848880811865e-08 -9.735413274742810281e-07
5.745354733813803808e-08 -1.312576177806787818e-08 -9.813239802315715948e-07
4.778098849323396118e-08 -1.074178095524997472e-08 -9.896736404404403139e-07
4.079693065271768191e-08 -7.918722944722693404e-09 -9.985094058693757420e-07
3.070241825276679446e-08 -5.748121967957150180e-09 -1.007732008832304913e-06
2.313301586493608468e-08 -3.255344848078853118e-09 -1.017226808731843268e-06
1.349524618465381950e-08 -1.078030065441962838e-09 -1.026867552636857494e-06
5.207566724488204981e-09 1.084457054531442310e-09 -1.036522618125953204e-06
-3.298446609013609364e-09 3.453155656629375693e-09 -1.046057045355128052e-06
-1.227754632136461455e-08 5.330919447544524963e-09 -1.055341040747084846e-06
-1.925754618168075562e-08 8.027779711043154073e-09 -1.064249391003551852e-06
-2.872030637499267918e-08 9.702004862581449059e-09 -1.072670353121536568e-06
-3.408107255900541777e-08 1.280529239701529090e-08 -1.080503311145900698e-06
-4.365427647363602554e-08 1.438923581861983201e-08 -1.087665747164273281e-06
-4.757385702896363364e-08 1.790938945621089323e-08 -1.094091403432826721e-06
-5.676654406677484474e-08 1.954943945524202272e-08 -1.099733769630668997e-06
-5.962834259555081684e-08 2.342213181038565813e-08 -1.104565399912922511e-06
-6.790087883798777473e-08 2.529817079506849226e-08 -1.108577572197577659e-06
-7.020772564694217646e-08 2.938112111239575551e-08 -1.111780941621911805e-06
-7.704613277937934337e-08 3.170180907703362670e-08 -1.114202163022201127e-06
-7.932879285232241162e-08 3.577884991524159929e-08 -1.115884579180929041e-06
-8.430966653571666603e-08 3.876761331496057809e-08 -1.116883125998192475e-06
-8.704292451562632657e-08 4.256192652690679462e-08 -1.117264317411651583e-06
-8.987758299539076627e-08 4.643175940867085248e-08 -1.117100623336221577e-06
-9.341012675899741941e-08 4.963099487508649410e-08 -1.116469177116638895e-06
-9.396268038570612355e-08 5.455085940123126306e-08 -1.115445529306616643e-06
-9.846502715344620630e-08 5.684470585586954476e-08 -1.114102538714171540e-06
-9.674773780681767519e-08 6.290165437933156102e-08 -1.112503078728966174e-06
-1.021798058150928831e-07 6.402825352651394682e-08 -1.110700939060590309e-06
-9.833488494433436434e-08 7.119347221644856187e-08 -1.108732821984579681e-06
-1.044371145218964659e-07 7.098831125409579232e-08 -1.106622246471508871e-06
-9.871492061365600284e-08 7.909609683211567780e-08 -1.104372540037699197e-06
-1.050268603102823561e-07 7.753269907018438586e-08 -1.101972576991819294e-06
-9.776499311125361197e-08 8.627859942157925874e-08 -1.099393401788626957e-06
-1.036758797375122548e-07 8.348996667278748117e-08 -1.096594416758300826e-06
-9.527552165120244550e-08 9.245106462470070089e-08 -1.093524563347454446e-06
-1.001041105988415035e-07 8.872430453950021720e-08 -1.090126454324133445e-06
-9.099553497396700851e-08 9.739839258908308116e-08 -1.086341555054472637e-06
-9.409074821320592631e-08 9.314171592811149648e-08 -1.082112205211437527e-06
-8.468378520824702726e-08 1.009993787636746595e-07 -1.077388305732821017e-06
-8.553024942006402246e-08 9.668845421027329981e-08 -1.072127769224982022e-06
-7.615472279848184595e-08 1.032301314372577475e-07 -1.066302055882191805e-06
-7.446536563971569026e-08 9.934560935402147624e-08 -1.059896702783948377e-06
-6.531625877379631825e-08 1.041557712898191913e-07 -1.052914606242649901e-06
-6.109537172369521053e-08 1.011246771865656574e-07 -1.045376494055397273e-06
-5.220036323015251429e-08 1.039166850988364089e-07 -1.037321437502121924e-06
-4.576431440980828386e-08 1.020674144951296977e-07 -1.028807554271721691e-06
-3.698715596745035921e-08 1.027131491519701639e-07 -1.019910469919644568e-06
-2.893628937307518315e-08 1.022495101821294363e-07 -1.010722767116648949e-06
-2.002178423526655384e-08 1.007896405279583978e-07 -1.001351120428660494e-06
-1.116576074289723619e-08 1.017845175129537588e-07 -9.919142755983080641e-07
-1.820069308360494659e-09 9.841843810979667447e-08 -9.825390155224709745e-07
6.934497801246840886e-09 1.008240894518210146e-07 -9.733570869428646068e-07
1.694545517915672282e-08 9.588141185456929592e-08 -9.644999432513722133e-07
2.472815582871764772e-08 9.955000658785645276e-08 -9.560956112000720464e-07
3.548601886720026244e-08 9.344900203233842010e-08 -9.482622337880829443e-07
4.159428686127185592e-08 9.815560260958578384e-08 -9.411061077501482609e-07
5.296670780048646483e-08 9.135628622688937475e-08 -9.347150999070149014e-07
5.697068801205962584e-08 9.681788830448913195e-08 -9.291586531808026509e-07
6.859816678057537405e-08 8.977880176235243526e-08 -9.244826729804764586e-07
7.039551502575343268e-08 9.566726727635632577e-08 -9.207116683827883827e-07
8.172998479531295617e-08 8.881332762612802278e-08 -9.178462371915199048e-07
8.153724811679936871e-08 9.476471179545327206e-08 -9.158670083359871136e-07
9.192128672174213479e-08 8.846870656753657430e-08 -9.147346318980471507e-07
9.020476318312747099e-08 9.409408945432172580e-08 -9.143949055236120802e-07
9.897125374494691968e-08 8.866837243838950835e-08 -9.147800445343105442e-07
9.633658671013000775e-08 9.357036456610734364e-08 -9.158145501738782161e-07
1.029072756893489245e-07 8.926205186097057849e-08 -9.174170500730459092e-07
9.997645178749511011e-08 9.305969586952462956e-08 -9.195057914617058917e-07
1.039419887964761461e-07 9.004387320127293313e-08 -9.220000907663471626e-07
1.012446161149591935e-07 9.240358959149932258e-08 -9.248248059994974007e-07
1.024143336611339348e-07 9.077054102325420621e-08 -9.279116859124203702e-07
1.003115235869241726e-07 9.143880383510120687e-08 -9.312026838696527160e-07
9.872858729659359676e-08 9.117872011678588734e-08 -9.346507707638706789e-07
9.737731939318579029e-08 9.001196560523234872e-08 -9.382223674047796845e-07
9.330102036040878936e-08 9.100194007111286675e-08 -9.418970053945072613e-07
9.265647817552308665e-08 8.798728663644824566e-08 -9.456691719032112237e-07
8.651622076955162344e-08 8.998670612663685453e-08 -9.495463039704207780e-07
8.636212433531218245e-08 8.524947962076514365e-08 -9.535503185775450219e-07
7.869196430756683750e-08 8.791014965161852439e-08 -9.577137084312019427e-07
7.868807300647050754e-08 8.170579992617502334e-08 -9.620802392608754173e-07
7.005295107367714222e-08 8.460010619990259845e-08 -9.666997193442165415e-07
6.978969750954391009e-08 7.729007270410595342e-08 -9.716267209034047757e-07
6.071469465798669433e-08 7.995692008430186087e-08 -9.769153393326768176e-07
5.976913622718949733e-08 7.197029719531938595e-08 -9.826150606459478753e-07
5.068179789348988036e-08 7.397382056452999596e-08 -9.887670146166608969e-07
4.867422601939242447e-08 6.575876313202795257e-08 -9.953975798112574904e-07
3.986678186653539969e-08 6.674979753040022965e-08 -1.002517086704482461e-06
3.651969917558865821e-08 5.872059690982041304e-08 -1.010113632259135731e-06
2.813306349600697411e-08 5.848763798892403615e-08 -1.018154182383385189e-06
2.333058832189853640e-08 5.097532668219469389e-08 -1.026581682434316235e-06
1.535721770117044540e-08 4.947247354263052464e-08 -1.035317607066931786e-06
9.194587796584367672e-09 4.268780436513674793e-08 -1.044264156579098952e-06
1.495676333375092876e-09 4.003385484939473266e-08 -1.053307247220894194e-06
-5.697918954752044861e-09 3.405226012872307714e-08 -1.062322575607059007e-06
-1.336247419837015286e-08 3.050366173761100189e-08 -1.071178354510282557e-06
-2.104183830925661476e-08 2.527451004360508968e-08 -1.079742671504821585e-06
-2.896823335631438494e-08 2.117909877113828438e-08 -1.087885865373654679e-06
-3.643423242380455917e-08 1.655633770157427320e-08 -1.095486872633708288e-06
-4.491253161777371864e-08 1.229842249037937599e-08 -1.102435024990151676e-06
-5.140883552557199694e-08 8.084044100541271214e-09 -1.108634597354131447e-06
-6.064797869743875071e-08 4.029972398066946563e-09 -1.114005789109703874e-06
-6.547407968334045849e-08 1.979498860425116657e-11 -1.118488174094132306e-06
-7.552701879682173185e-08 -3.528280513232633143e-09 -1.122039833423863741e-06
-7.814576695876559466e-08 -7.505837951053045559e-09 -1.124640390129571241e-06
-8.885210301114350942e-08 -1.034368902460936104e-08 -1.126288252448567335e-06
-8.897087159814993629e-08 -1.440270220873709789e-08 -1.127003179156896930e-06
-9.993459715985639399e-08 -1.644274620430612250e-08 -1.126822360018942369e-06
-9.754508644204526500e-08 -2.063094212723417818e-08 -1.125801368798648065e-06
-1.081596210511893364e-07 -2.190561436505082561e-08 -1.124010426754670226e-06
-1.035292232270198532e-07 -2.621001550710723616e-08 -1.121532216469514124e-06
-1.130521461160377556e-07 -2.686160283612558300e-08 -1.118459350083263229e-06
-1.066691893386803249e-07 -3.122387453501009210e-08 -1.114888431057639718e-06
-1.143371098235638994e-07 -3.148426982303482528e-08 -1.110919365475682768e-06
-1.068207033079907836e-07 -3.581800358428060177e-08 -1.106646624623307044e-06
-1.119814932736565230e-07 -3.598112976777452704e-08 -1.102159342770399454e-06
-1.039727973540811253e-07 -4.018333180745676831e-08 -1.097532579206129484e-06
-1.062054978359239977e-07 -4.057537869431531471e-08 -1.092827624557034895e-06
-9.826212116791954260e-08 -4.452911275189414428e-08 -1.088086455724526257e-06
-9.745420962527749568e-08 -4.547954975575917770e-08 -1.083332273252926090e-06
-8.996602917118771349e-08 -4.904922296559722046e-08 -1.078568577216374966e-06
-8.632878882758015095e-08 -5.086483771961543223e-08 -1.073780694552727168e-06
-7.947283212299271671e-08 -5.389191212636367933e-08 -1.068938807996113607e-06
-7.349630960562582532e-08 -5.683431705420840434e-08 -1.064000980837975472e-06
-6.723822486667660900e-08 -5.914214177032685098e-08 -1.058918036461337902e-06
-5.960230653907629672e-08 -6.340711365032313043e-08 -1.053637578502167406e-06
-5.374054975268510686e-08 -6.481942331901725671e-08 -1.048108882135025523e-06
-4.520612187849454692e-08 -7.051585119028196434e-08 -1.042286576586773357e-06
-3.944456925824587170e-08 -7.088693514779951404e-08 -1.036134835803165922e-06
-3.074639527454696908e-08 -7.801479363304811656e-08 -1.029629295350661396e-06
-2.477614043525858492e-08 -7.726435646100988795e-08 -1.022760582395701951e-06
-1.653271133307678763e-08 -8.569416287445475709e-08 -1.015534271765171418e-06
-1.010473106510815573e-08 -8.383826174656797728e-08 -1.007973793605240868e-06
-2.753187496080112374e-09 -9.329730686019232193e-08 -1.000118438537720374e-06
4.270268567121379641e-09 -9.046770255970693487e-08 -9.920251329442425708e-07
1.050914656471525150e-08 -1.005390917336795146e-07 -9.837655396783652267e-07
1.812806747165806114e-08 -9.698563224332961069e-08 -9.754260859202175265e-07
2.325439813422935958e-08 -1.071253821252536842e-07 -9.671049056390540948e-07
3.132718768342310380e-08 -1.031993484935864552e-07 -9.589098755560893837e-07
3.553828778060754405e-08 -1.127745244775866592e-07 -9.509555585505998113e-07
4.379377796132662330e-08 -1.088942412358616409e-07 -9.433597834729730914e-07
4.743765799717539775e-08 -1.172407924517621875e-07 -9.362401883922062365e-07
5.549670522345421913e-08 -1.138433118569665383e-07 -9.297103343481792182e-07
5.900835612386928662e-08 -1.203379976058440124e-07 -9.238756147250953645e-07
6.640988699945630821e-08 -1.178248316980083465e-07 -9.188299689558575889e-07
7.023668972171310485e-08 -1.219615034177684957e-07 -9.146516363936438515e-07
7.646970407923360010e-08 -1.206471509099997849e-07 -9.114011447928185927e-07
8.099379279422814939e-08 -1.221036173724789068e-07 -9.091179966679555315e-07
8.554099172312849648e-08 -1.221749681325477491e-07 -9.078201228126222914e-07
9.100741941683321176e-08 -1.208559065410866950e-07 -9.075027583052313325e-07
9.340452744520309760e-08 -1.223490802959125003e-07 -9.081394314070044448e-07
9.986447145170341534e-08 -1.183961528658743008e-07 -9.096833286875526632e-07
9.977094542165141247e-08 -1.211946171353173594e-07 -9.120697694721562253e-07
1.070491712071054512e-07 -1.149624886776996567e-07 -9.152193529437871294e-07
1.043152603150503527e-07 -1.188160247789919993e-07 -9.190414333477572773e-07
1.120091584423753162e-07 -1.108216940093394247e-07 -9.234381033792545187e-07
1.067185703843330797e-07 -1.153823114982752677e-07 -9.283084349476532247e-07
1.142340202565436568e-07 -1.062392120527377576e-07 -9.335521941007676546e-07
1.067056445878041602e-07 -1.111060785297189543e-07 -9.390734961366139539e-07
1.133289924224934491e-07 -1.014561802069034640e-07 -9.447842749024741781e-07
1.040713537125049802e-07 -1.062227537167740782e-07 -9.506066166826921642e-07
1.090705564239838391e-07 -9.667718685868475808e-08 -9.564756033987693312e-07
9.869746690144153615e-08 -1.009726672481321047e-07 -9.623402016236535387e-07
1.014387893856463335e-07 -9.206584641380813524e-08 -9.681650834517980278e-07
9.056531289096634678e-08 -9.558493474443844138e-08 -9.739305082249590630e-07
9.062661461067153754e-08 -8.774396523400951458e-08 -9.796323674896332200e-07
7.976927236236003159e-08 -9.026220357205845755e-08 -9.852816418908905291e-07
7.702855465408971220e-08 -8.379041797867290693e-08 -9.909020388921871025e-07
6.653206672804017492e-08 -8.516542614276433815e-08 -9.965291482966048622e-07
6.121162373303757377e-08 -8.023716145659019271e-08 -1.002205540581252319e-06
5.121735328347028745e-08 -8.039934726070266479e-08 -1.007979643321285611e-06
4.387000486702555495e-08 -7.706209641740760214e-08 -1.013899517981900062e-06
3.433093889007176160e-08 -7.599987747585065187e-08 -1.020010722535846289e-06
2.576517209449466604e-08 -7.418031865916178928e-08 -1.026349909737671375e-06
1.650023006518537198e-08 -7.192722364879557419e-08 -1.032942414161208375e-06
7.654479042027312235e-09 -7.144084202858383507e-08 -1.039796916277509609e-06
-1.573664183894101968e-09 -6.807011519005244215e-08 -1.046904492501539299e-06
-9.782659898377309634e-09 -6.863538289583160210e-08 -1.054234663456580893e-06
-1.918537667316151163e-08 -6.426331615268047396e-08 -1.061737913282545127e-06
-2.600593916808965023e-08 -6.552278277677385439e-08 -1.069343089944360210e-06
-3.569909182111434801e-08 -6.031419622402726048e-08 -1.076964134170364945e-06
-4.064765240894458467e-08 -6.186202469205827328e-08 -1.084498477177628352e-06
-5.060656339849786739e-08 -5.602983251286300990e-08 -1.091835961660163266e-06
-5.351199663529870700e-08 -5.744746902038985531e-08 -1.098858530273418313e-06
-6.355672600284246055e-08 -5.123976756441535802e-08 -1.105448438842549589e-06
-6.454605179049482229e-08 -5.213668530843200077e-08 -1.111489991454698591e-06
-7.435703322725021396e-08 -4.580970833726815522e-08 -1.116874543414144197e-06
-7.379649939632574137e-08 -4.586550711233623609e-08 -1.121504511976015031e-06
-8.295519361994581225e-08 -3.964797253524409951e-08 -1.125294548294567110e-06
-8.136574576435954408e-08 -3.865073660934958132e-08 -1.128176862735328552e-06
-8.941008465104796431e-08 -3.270765773604654838e-08 -1.130099756830482932e-06
-8.737440038525084094e-08 -3.058210342469569426e-08 -1.131032546996544382e-06
-9.385809140993914924e-08 -2.498824783387655472e-08 -1.130963341472824121e-06
-9.193294153968089254e-08 -2.180954676314886801e-08 -1.129901896959520268e-06
-9.647861170953634377e-08 -1.653977843414360036e-08 -1.127877766870753107e-06
-9.512054270397506610e-08 -1.252869223388972407e-08 -1.124940432908074951e-06
-9.745949490783267247e-08 -7.468261235617631193e-09 -1.121157778770490287e-06
-9.696814639293602862e-08 -2.966328839686154270e-09 -1.116613878979652661e-06
-9.696286210881760321e-08 2.059612794358295021e-09 -1.111406647297829633e-06
-9.744283142593873987e-08 6.633504809075099598e-09 -1.105644267668828451e-06
-9.509336769527374441e-08 1.181646878808169581e-08 -1.099441152779022978e-06
-9.643717733213625516e-08 1.602362685646293029e-08 -1.092913771554273193e-06
-9.187549972897373733e-08 2.152367495559390764e-08 -1.086175382446344785e-06
-9.376900073954765331e-08 2.497015965523181152e-08 -1.079331428788635170e-06
-8.724616151567888695e-08 3.087405428081825548e-08 -1.072475154891039885e-06
-8.920219081572370577e-08 3.327163692118238833e-08 -1.065682755506011169e-06
-8.107157094889353112e-08 3.956657531591139958e-08 -1.059012420801260235e-06
-8.249498843815027276e-08 4.077813154740651185e-08 -1.052499984973406269e-06
-7.318812708497490519e-08 4.734604579361478502e-08 -1.046162446866244896e-06
-7.346895055366966197e-08 4.740512892016997507e-08 -1.039995391758650252e-06
-6.345702021259005309e-08 5.403658292955899855e-08 -1.033979536813099175e-06
-6.207875653129991850e-08 5.313703469402950705e-08 -1.028080965771252547e-06
-5.181638044779979081e-08 5.955946389446522017e-08 -1.022257766929734537e-06
-4.845940586247540749e-08 5.801944243326005264e-08 -1.016463132711282382e-06
-3.831822549342364628e-08 6.393300341632381902e-08 -1.010649740713609506e-06
-3.293716359184728631e-08 6.214429969533392881e-08 -1.004774630808038492e-06
-2.314698743650664162e-08 6.725907660952172389e-08 -9.988006558102971455e-07
-1.600594846146852713e-08 6.563424024344043320e-08 -9.927017450320558748e-07
-6.623552652970279808e-09 6.970349075070960744e-08 -9.864625425049793015e-07
1.719526845184333956e-09 6.862979420789951896e-08 -9.800823006168241134e-07
1.080047379500122803e-08 7.147467330200378865e-08 -9.735737855752795463e-07
1.955983144802802573e-08 7.128038929216099500e-08 -9.669654586366378748e-07
2.855716179245445267e-08 7.280481085614333727e-08 -9.602999498032935058e-07
3.682695022012675699e-08 7.373900908081069092e-08 -9.536343670569667865e-07
4.598685116718752420e-08 7.393329347958052077e-08 -9.470387783582870516e-07
5.287246045359918586e-08 7.615605842691420975e-08 -9.405955749185307639e-07
6.237525479141526435e-08 7.509155073057158534e-08 -9.343969950007625490e-07
6.712721412155990672e-08 7.867191359393130363e-08 -9.285433014796294800e-07
7.700650013323265319e-08 7.648891682344131007e-08 -9.231394253386506264e-07
7.913295759969998918e-08 8.140425033267819785e-08 -9.182926125204294817e-07
8.922986009477677367e-08 7.829704928134896358e-08 -9.141078331350820599e-07
8.856717054153147925e-08 8.443149710294845032e-08 -9.106848275978394932e-07
9.853249991874868122e-08 8.063401158776369884e-08 -9.081126168793203181e-07
9.525899815247130278e-08 8.777374027083172955e-08 -9.064668254519956937e-07
1.046023778497480753e-07 8.354822261689241405e-08 -9.058035893002883938e-07
9.919210700482550380e-08 9.137710420049897690e-08 -9.061587574691113043e-07
1.073644033892190116e-07 8.700782376986491103e-08 -9.075427528947833339e-07
1.004905882399351955e-07 9.511082180807788512e-08 -9.099425964316366618e-07
1.069764243769524461e-07 9.090045020253487308e-08 -9.133185421886229416e-07
9.938521291833611555e-08 9.878113994132468560e-08 -9.176090301327419719e-07
1.037820541795224060e-07 9.504418847929546691e-08 -9.227302650135143708e-07
9.616535348450261873e-08 1.021597273035254011e-07 -9.285826137594308112e-07
9.823598353279315851e-08 9.920741518007011833e-08 -9.350532631376314485e-07
9.113046632760655490e-08 1.050184530360109803e-07 -9.420220930150670580e-07
9.082572767664214305e-08 1.031320116381748588e-07 -9.493663965349738727e-07
8.455378258994522011e-08 1.071598212056182543e-07 -9.569650733858113777e-07
8.200871527047523750e-08 1.065547278498353351e-07 -9.647037123520097087e-07
7.666329459090267516e-08 1.084359627288825053e-07 -9.724771428316890437e-07
7.217175142111409235e-08 1.092246946451435728e-07 -9.801933199541038016e-07
6.763708556167277781e-08 1.087551012659073781e-07 -9.877746221251973403e-07
6.161010130032225764e-08 1.109180972930458535e-07 -9.951598221432495386e-07
5.760648105148127711e-08 1.080786702296461617e-07 -1.002304727149908543e-06
5.052038559880379318e-08 1.114517871013304912e-07 -1.009182746921440235e-06
4.666240423424682354e-08 1.064140395636018248e-07 -1.015784030796782256e-06
3.900320831900667204e-08 1.106982844068772931e-07 -1.022115068664785073e-06
3.486352330274151705e-08 1.038079534363117802e-07 -1.028195999506695268e-06
2.707394136080091260e-08 1.086014494426267761e-07 -1.034059825047640346e-06
2.224793169087196748e-08 1.003423245855634554e-07 -1.039747737784096520e-06
1.468310346687211106e-08 1.051902889253825983e-07 -1.045307521004352520e-06
8.853118721497196303e-09 9.613219365485210565e-08 -1.050788244363359437e-06
1.749759297364562397e-09 1.005856016639668068e-07 -1.056236920051571215e-06
-5.252637826068617985e-09 9.132341131242385276e-08 -1.061694861920873498e-06
-1.179163302033697597e-08 9.499574058017549079e-08 -1.067191589400841199e-06
-1.993073121992955229e-08 8.608812062031871078e-08 -1.072745294597261033e-06
-2.593590594789421363e-08 8.869791648944901953e-08 -1.078355069814879030e-06
-3.493494376462439036e-08 8.061385308628455226e-08 -1.084005317855394893e-06
-4.055505369929843215e-08 8.200508224692204706e-08 -1.089658402249630779e-06
-4.989368790095085543e-08 7.508608798015492108e-08 -1.095261709967204298e-06
-5.536602454871253107e-08 7.522474188978614161e-08 -1.100743242180662019e-06
-6.432411522601620451e-08 6.966739553518700900e-08 -1.106019515403818551e-06
-6.992806050501965984e-08 6.862076221001353397e-08 -1.110994984970711879e-06
-7.767600179852231539e-08 6.448088893217802014e-08 -1.115568846668236176e-06
-8.367115068353507115e-08 6.238856292898870833e-08 -1.119637215909351115e-06
-8.939321524017698384e-08 5.960037673291386428e-08 -1.123098544214621106e-06
-9.594859723449764527e-08 5.664407152135359024e-08 -1.125856893521200446e-06
-9.897345615662931782e-08 5.504731602423340549e-08 -1.127826418147018382e-06
-1.061011517273240143e-07 5.142671737575491317e-08 -1.128933851534639551e-06
-1.060114205549290002e-07 5.079603671213699331e-08 -1.129122093983211821e-06
-1.135227091802051412e-07 4.671073737697610877e-08 -1.128351575220120210e-06
-1.102215901681078639e-07 4.677979196855767299e-08 -1.126602365041863273e-06
-1.177217815799406817e-07 4.241622618491668256e-08 -1.123875257309689092e-06
-1.114439172831135945e-07 4.289687026645731026e-08 -1.120191311277102400e-06
-1.183732665175104453e-07 3.841925432312827577e-08 -1.115593299200562475e-06
-1.096402640981598814e-07 3.901646494297894249e-08 -1.110142344946091802e-06
-1.153589065413718676e-07 3.455940235575720718e-08 -1.103919482134702460e-06
-1.048899582179298394e-07 3.498488571951280376e-08 -1.097019876309492643e-06
-1.087919733782359124e-07 3.064637597924130300e-08 -1.089553509614857758e-06
-9.738719664734680276e-08 3.063451927048242048e-08 -1.081638732824573494e-06
-9.901888846092492819e-08 2.646890175885811630e-08 -1.073400439168495362e-06
-8.743668663965919438e-08 2.579779345624163851e-08 -1.064964316317242758e-06
-8.659148886393181802e-08 2.180906250227949670e-08 -1.056452384902996446e-06
-7.544240037059925819e-08 2.032708098603723426e-08 -1.047979283046402037e-06
-7.220806515069948763e-08 1.646414380298030584e-08 -1.039646363169101986e-06
-6.188243114435282353e-08 1.411806807269157304e-08 -1.031540304708077062e-06
-5.662823667486813236e-08 1.027378969519989143e-08 -1.023728212071883975e-06
-4.726848176651377156e-08 7.130370052969358858e-09 -1.016258396498167579e-06
-4.057783743929762266e-08 3.147080386813324879e-09 -1.009158299476966836e-06
-3.209738943041173978e-08 -6.018738126669112815e-10 -1.002437044990713709e-06
-2.466701924781831326e-08 -4.918164589688285545e-09 -9.960862980931722864e-07
-1.680839699456676492e-08 -8.974168837552746496e-09 -9.900841171289052204e-07
-9.341116531058176743e-09 -1.382924649130595303e-08 -9.843974326637704363e-07
-1.757681843529275479e-09 -1.782886156448655476e-08 -9.789865947721877790e-07
5.129432876830099287e-09 -2.340604123091900331e-08 -9.738080220427787448e-07
1.278682982275980272e-08 -2.697840019125187379e-08 -9.688186427703900310e-07
1.862760974952552287e-08 -3.339850514069019180e-08 -9.639780630765871786e-07
2.663524130254801649e-08 -3.622681871227790554e-08 -9.592520858158956022e-07
3.115078574834637580e-08 -4.350961188562661607e-08 -9.546144480872490900e-07
3.965771409408180066e-08 -4.538450559827084211e-08 -9.500489762580450983e-07
4.276671449478312909e-08 -5.342017094294309585e-08 -9.455509532132290658e-07
5.176464317798554031e-08 -5.427530092861462543e-08 -9.411281314370429087e-07
5.357174738415947845e-08 -6.281357767942880091e-08 -9.368013328312095632e-07
6.288748034357057259e-08 -6.273797958722935289e-08 -9.326049126885838975e-07
6.365383237057811365e-08 -7.139941991936274583e-08 -9.285856768956970186e-07
7.296074793202134408e-08 -7.062547045620470232e-08 -9.248034190519517441e-07
7.305932190745152186e-08 -7.893554499952669728e-08 -9.213279056102108758e-07
8.190352320148721477e-08 -7.780568325623472280e-08 -9.182395937615294196e-07
8.176258653016204704e-08 -8.524787669751193551e-08 -9.156241271955790915e-07
8.960168644720133768e-08 -8.416678502207100797e-08 -9.135727004079836838e-07
8.964009350683277227e-08 -9.024704902210032685e-08 -9.121752053498305129e-07
9.589377334365286910e-08 -8.962720549357108954e-08 -9.115191508497923549e-07
9.645238774028716523e-08 -9.393856579073025889e-08 -9.116824395729354429e-07
1.005641386508328899e-07 -9.414881713155943957e-08 -9.127309519019364614e-07
1.018420349546529936e-07 -9.642479242877679115e-08 -9.147123867823614946e-07
1.033518543442995414e-07 -9.774880643070138597e-08 -9.176535247412289897e-07
1.053587583930271054e-07 -9.789451206814879751e-08 -9.215567483931711051e-07
1.039802809107339065e-07 -1.005028062582239838e-07 -9.263990066900210219e-07
1.065168710317146560e-07 -9.859851001575341420e-08 -9.321315300407582336e-07
1.022032281759119732e-07 -1.025352539046270609e-07 -9.386815297274247214e-07
1.048767211610996716e-07 -9.881514240821801373e-08 -9.459555645285954473e-07
9.785337868748153737e-08 -1.039987409610989834e-07 -9.538428104935696444e-07
1.001295512064107952e-07 -9.881452222249056934e-08 -9.622209530585885930e-07
9.087651675901294114e-08 -1.050495597154218606e-07 -9.709597589851671095e-07
9.216250265214053556e-08 -9.883007244595137407e-08 -9.799277721543487575e-07
8.134371740418954697e-08 -1.058271475460988328e-07 -9.889953129891554570e-07
8.109063103607768044e-08 -9.904187044178087234e-08 -9.980400021376823098e-07
6.944570113366130865e-08 -1.064414096140518844e-07 -1.006949445802144806e-06
6.725494924534420755e-08 -9.957045169675379681e-08 -1.015624002483580318e-06
5.547922703182705082e-08 -1.069672474988628239e-07 -1.023979930795053393e-06
5.119305653998378697e-08 -1.004765817707624437e-07 -1.031948700337569597e-06
3.983361366594632628e-08 -1.074433841199575683e-07 -1.039480700197047855e-06
3.359067884225066152e-08 -1.017626942092109154e-07 -1.046541748416376715e-06
2.297979049132797977e-08 -1.078727615043578366e-07 -1.053117273737610059e-06
1.522150796772362517e-08 -1.033731969696499577e-07 -1.059207006956133714e-06
5.459108766553049757e-09 -1.082226314234110847e-07 -1.064827897905698060e-06
-3.118877715122426187e-09 -1.051933930556953980e-07 -1.070008431230309857e-06
-1.213466339245079838e-08 -1.084250909690431881e-07 -1.074789284065738811e-06
-2.068075572502121917e-08 -1.070495338869509985e-07 -1.079218013266305243e-06
-2.918573400971035791e-08 -1.083794117449868011e-07 -1.083347596183381082e-06
-3.682271686359310349e-08 -1.087122789522167346e-07 -1.087231402477334332e-06
-4.510025233622745312e-08 -1.079571056416602293e-07 -1.090920451542533045e-06
-5.106333283848091748e-08 -1.099082342556715572e-07 -1.094458254139774453e-06
-5.936070600861295879e-08 -1.070130833790650747e-07 -1.097878406959968402e-06
-6.311359908535560914e-08 -1.103432971679802285e-07 -1.101199870220694321e-06
-7.157710179386589559e-08 -1.054027391099557958e-07 -1.104425905874092069e-06
-7.288092519948673633e-08 -1.097368332941034199e-07 -1.107541482082424252e-06
-8.151839052233968949e-08 -1.030019800743159626e-07 -1.110513496237691248e-06
-8.044121429615284844e-08 -1.078609794103007136e-07 -1.113292112111592326e-06
-8.911297063654783636e-08 -9.972489530506429353e-08 -1.115811538207041644e-06
-8.598433731333462878e-08 -1.045741882116665729e-07 -1.117995518216891653e-06
-9.441805933396650379e-08 -9.553228907975826431e-08 -1.119758236681444964e-06
-8.974796976523288185e-08 -9.983963779838043960e-08 -1.121012006547967506e-06
-9.757311665705564010e-08 -9.043139276632451482e-08 -1.121668679841146476e-06
-9.195887180727540944e-08 -9.372713043085198859e-08 -1.121646392079716100e-06
-9.875373452026979139e-08 -8.446944010822744595e-08 -1.120872283603254616e-06
-9.279148135287185921e-08 -8.639911014717735484e-08 -1.119285904471298585e-06
-9.813564951179487939e-08 -7.772534577591038021e-08 -1.116843477617028456e-06
-9.234621865569277898e-08 -7.808842742616982217e-08 -1.113517477328395085e-06
-9.587177408914689629e-08 -7.030487369647107645e-08 -1.109301756820527729e-06
-9.064354826985587172e-08 -6.907382461025577632e-08 -1.104208146278334666e-06
-9.207896762043561924e-08 -6.233980216420298560e-08 -1.098271018114271349e-06
-8.762786979886910224e-08 -5.965642941463331757e-08 -1.091542805063085958e-06
-8.683053538933578165e-08 -5.398925225819615194e-08 -1.084096531165568831e-06
-8.317798974641876584e-08 -5.013873591218328188e-08 -1.076021103025987342e-06
-8.015340765774809315e-08 -4.543971148002838016e-08 -1.067421461685113035e-06
-7.712426562749383076e-08 -4.080565807368820539e-08 -1.058413677565152516e-06
-7.203158277267332623e-08 -3.689973982090896792e-08 -1.049123139567810460e-06
-6.927566339968727906e-08 -3.190717283985046289e-08 -1.039679110212551487e-06
-6.241970941181222759e-08 -2.858690700738155460e-08 -1.030212484847318896e-06
-5.946040864722328352e-08 -2.364163903187426830e-08 -1.020849502027943861e-06
-5.126950547667467276e-08 -2.070523232752034403e-08 -1.011709632031480601e-06
-4.758021580576779064e-08 -1.613976046515713992e-08 -1.002899532997052604e-06
-3.856809383277793682e-08 -1.341694883670027053e-08 -9.945112103814754473e-07
-3.367093579471082214e-08 -9.453237598439515482e-09 -9.866182018572101162e-07
-2.438104204446606848e-08 -6.817835365430503289e-09 -9.792742666083355919e-07
-1.795271637730147010e-08 -3.552075252791673497e-09 -9.725132463939884685e-07
-8.887300729038663776e-09 -9.222162320033345639e-10 -9.663476680012441643e-07
-8.504717716712611313e-10 1.668463413348345784e-09 -9.607725151368476066e-07
7.604095248735703620e-09 4.335591620108676743e-09 -9.557648690589424390e-07
1.702697272773354657e-08 6.370230619555261076e-09 -9.512896896727131172e-07
2.466063680399226973e-08 9.084562300213683310e-09 -9.473004748539168282e-07
3.494641962476794033e-08 1.074899134093315805e-08 -9.437452097602648526e-07
4.175079243988125040e-08 1.349173833051469637e-08 -9.405682192408296341e-07
5.213080709018584792e-08 1.501108010515420733e-08 -9.377149509262642571e-07
5.827804317600672769e-08 1.773669117807208991e-08 -9.351345076044443794e-07
6.784066642543309532e-08 1.935404181903433171e-08 -9.327829042562150965e-07
7.361828120604337641e-08 2.199143045906249542e-08 -9.306254953866891545e-07
8.144063295874429412e-08 2.395247205307492888e-08 -9.286389144505965543e-07
8.715821755642410734e-08 2.640758639464924106e-08 -9.268127504407349018e-07
9.244357326138018305e-08 2.894794505348681317e-08 -9.251504134056916828e-07
9.833553306670096064e-08 3.110953129426463052e-08 -9.236696921905371031e-07
1.005325261590061023e-07 3.444087446121603409e-08 -9.224026245563597646e-07
1.066818293155460743e-07 3.619056301395951915e-08 -9.213946530000844501e-07
1.055650385610678065e-07 4.048232198337649686e-08 -9.207035545074607279e-07
1.118670043533473309e-07 4.170921258584451582e-08 -9.203967288964489542e-07
1.075650158733960657e-07 4.706481413098913734e-08 -9.205493223924939945e-07
1.137388635781533128e-07 4.768367445719386238e-08 -9.212392945644056765e-07
1.067051704003664241e-07 5.411292437889766167e-08 -9.225452411086555409e-07
1.123491997045528102e-07 5.408441069302858796e-08 -9.245396752708336279e-07
1.032815516988675590e-07 6.147748972590672185e-08 -9.272871246793556651e-07
1.079541396184436526e-07 6.082833296476714583e-08 -9.308366943730090248e-07
9.767621514828487627e-08 6.893949484420585377e-08 -9.352204140167629928e-07
1.009787954361899705e-07 6.777828665226324496e-08 -9.404480951580991285e-07
9.030747714450282731e-08 7.622723151259893111e-08 -9.465058833276508904e-07
9.194911175810603258e-08 7.475053696408501567e-08 -9.533561687075183402e-07
8.157452505057980319e-08 8.304711990509852220e-08 -9.609360765322697673e-07
8.140837546755016353e-08 8.153129636708911633e-08 -9.691630462530502086e-07
7.180963787757686192e-08 8.912333243728267478e-08 -9.779334205135045005e-07
6.984296327455762703e-08 8.789826123220443871e-08 -9.871318190757592156e-07
6.125094373972541569e-08 9.423390825937611871e-08 -9.966301593647391029e-07
5.763632159711478478e-08 9.364036246041717246e-08 -1.006297607023013997e-06
5.004073864534676640e-08 9.823404137952628855e-08 -1.016000430426517052e-06
4.505527462998274317e-08 9.857258895051502164e-08 -1.025609920861421030e-06
3.824443790987970676e-08 1.010633328049427383e-07 -1.035003015977064861e-06
3.226059890445938331e-08 1.025457268892186382e-07 -1.044067835216166818e-06
2.588053670636007740e-08 1.027399301115277459e-07 -1.052704549296206767e-06
1.933000856074759107e-08 1.054541847938217998e-07 -1.060828654265754938e-06
1.295286996374662276e-08 1.033478316423969497e-07 -1.068371371288956212e-06
6.285062911988954692e-09 1.072432087913422677e-07 -1.075281454578816323e-06
-5.191492694614660951e-10 1.030214382303989509e-07 -1.081525064973210375e-06
-6.881372918743482012e-09 1.079156396512988788e-07 -1.087085947651641601e-06
-1.447365020903829197e-08 1.019311974397616404e-07 -1.091965484374331209e-06
-2.017721674657551004e-08 1.075371970276097721e-07 -1.096180230918827936e-06
-2.878259497278951026e-08 1.002715075683904986e-07 -1.099763186508033751e-06
-3.358146838272235941e-08 1.062373601292538223e-07 -1.102757640378365513e-06
-4.323134116400307309e-08 9.825051370397328229e-08 -1.105219744920998899e-06
-4.701263111975759807e-08 1.042038842091139065e-07 -1.107209170937360521e-06
-5.750416131115489129e-08 9.608048455757351235e-08 -1.108792466817773322e-06
-6.029758924502448275e-08 1.016681587193799453e-07 -1.110032273516920313e-06
-7.117963254679266404e-08 9.396592814707475044e-08 -1.110989607027085283e-06
-7.314641967641148414e-08 9.888078361481653952e-08 -1.111714572602563789e-06
-8.374373405325342452e-08 9.208726081197936173e-08 -1.112246379417069829e-06
-8.514499743784364034e-08 9.607916990780261191e-08 -1.112608575243659219e-06
-9.462894899569448535e-08 9.058048353986044545e-08 -1.112807175472548927e-06
-9.577510723842151053e-08 9.345446087667400363e-08 -1.112831474432872793e-06
-1.032771959480402877e-07 8.951784644584608042e-08 -1.112652073760538022e-06
-1.044631286203684012e-07 9.112738413642727825e-08 -1.112225978546866198e-06
-1.092126755464517905e-07 8.889594191079934954e-08 -1.111496259622296209e-06
-1.106477512336062300e-07 8.913980704565909016e-08 -1.110398854344481592e-06
-1.121037398735962334e-07 8.863543045491545295e-08 -1.108864200181368845e-06
-1.138511370815311023e-07 8.746205066613674166e-08 -1.106823708903646047e-06
-1.117968822174453622e-07 8.859181507037662649e-08 -1.104212260503345257e-06
-1.137379968936590350e-07 8.600956471359508968e-08 -1.100973460600201189e-06
-1.083176650796740167e-07 8.857270836316523848e-08 -1.097061464135810319e-06
-1.101564692450907347e-07 8.466100719244152318e-08 -1.092445122233623868e-06
-1.018486541106390762e-07 8.835715202752140789e-08 -1.087108305760042125e-06
-1.031603107397054470e-07 8.327259822301864469e-08 -1.081052993684132802e-06
-9.269660910067485262e-08 8.771412106615053621e-08 -1.074298306715315751e-06
-9.301252885947007320e-08 8.168727831091598809e-08 -1.066882159984696850e-06
-8.125917094991463560e-08 8.641946594457799645e-08 -1.058859807974756974e-06
-8.017031017806533952e-08 7.974027186947396192e-08 -1.050303543551467116e-06
-6.799606324499897191e-08 8.427179202323201108e-08 -1.041301343001576740e-06
-6.525057433383270090e-08 7.726393286277358653e-08 -1.031954350982141296e-06
-5.340485617635540409e-08 8.110758728676470972e-08 -1.022375585184365190e-06
-4.897655807949982622e-08 7.409454235364122750e-08 -1.012686211433337520e-06
-3.799737930898410411e-08 7.681627615470635885e-08 -1.003013444150138316e-06
-3.210748426442706279e-08 7.008474899020235465e-08 -9.934862691380883431e-07
-2.227243394492001689e-08 7.135518477773497008e-08 -9.842318836860543034e-07
-1.535959335561970805e-08 6.512102632828821843e-08 -9.753719488107285895e-07
-6.684006547852524251e-09 6.476031561991986595e-08 -9.670177081675389713e-07
6.688808659395037748e-10 5.914346091833941337e-08 -9.592670755053137740e-07
8.391196105119171140e-09 5.714923812591297708e-08 -9.521997107621966386e-07
1.555286142168738777e-08 5.216247372320456151e-08 -9.458761540145618944e-07
2.267800999312499375e-08 4.871236747220944065e-08 -9.403344945398065799e-07
2.906217794218391621e-08 4.426783164602108905e-08 -9.355910503178290221e-07
3.600776915978991641e-08 3.969310413353622334e-08 -9.316398824981324978e-07
4.114246616790760093e-08 3.562549090293128559e-08 -9.284552100027385953e-07
4.829781485395791842e-08 3.035871666249096052e-08 -9.259935457075377288e-07
5.186427827999942935e-08 2.646138466346967893e-08 -9.241975584518138456e-07
5.951446459568075925e-08 2.096897022588318724e-08 -9.229999102488428059e-07
6.135998554980635972e-08 1.703704875678921436e-08 -9.223275032622595811e-07
6.963184640355011535e-08 1.175113097124561128e-08 -9.221060912147811893e-07
6.976522437937275101e-08 7.623877513223633497e-09 -9.222633499387024262e-07
7.859931691950353383e-08 2.886244469218761423e-09 -9.227339156268698857e-07
7.717585467961498151e-08 -1.519443440293704640e-09 -9.234606118172069897e-07
8.632412178773578519e-08 -5.493926367759479187e-09 -9.243994234672948591e-07
8.362182015172897361e-08 -1.016551385673240933e-08 -9.255182844938818439e-07
