8.031826571693522465e-07 7.799388958122027371e-07 2.538560027369384802e-05
9.588105129594349062e-07 6.337607745270899489e-07 2.536608297971806487e-05
7.452099474490841171e-07 7.394093836684400871e-07 2.530835487677931522e-05
8.140206696171545292e-07 5.732302592931129373e-07 2.521496799716680434e-05
5.781138183487268121e-07 6.229709022819144972e-07 2.509000240701130224e-05
5.492881043806060178e-07 4.562433059408748134e-07 2.493898612405399376e-05
3.217117837391776971e-07 4.449875669241201201e-07 2.476861479042113799e-05
2.085280424997686755e-07 2.907589659985198618e-07 2.458649957348235565e-05
6.901383730129552485e-09 2.261418179568696539e-07 2.440082928691193086e-05
-1.544959746231681951e-07 8.892868335946182049e-08 2.422069338803514528e-05
-3.266034402402751472e-07 -8.972911995097959361e-09 2.405362845395428358e-05
-4.869462773043899689e-07 -1.349289941026664893e-07 2.390724605864760877e-05
-6.361684710117683819e-07 -2.396115119109529004e-07 2.378856283177126069e-05
-7.451548333852282890e-07 -3.629233909654685733e-07 2.370300010888586504e-05
-8.782799740157589540e-07 -4.442141004734554470e-07 2.365355993303293542e-05
-8.996647489717363823e-07 -5.767541458719839181e-07 2.364212794349445423e-05
-1.017621145728500798e-06 -6.107266796341113507e-07 2.366881575461059095e-05
-9.361263989851821834e-07 -7.579111023151523879e-07 2.373193106346216518e-05
-1.026776868973466175e-06 -7.284187113613787618e-07 2.382804019367514283e-05
-8.540141755652694089e-07 -8.872898115666979194e-07 2.395223505782513671e-05
-8.974873159326587926e-07 -7.903984965058112638e-07 2.409834838224028092e-05
-6.662392549232692569e-07 -9.486273927477386174e-07 2.425943821292335855e-05
-6.407751404554646477e-07 -7.928718098942781979e-07 2.442791981581256201e-05
-3.964543904738746168e-07 -9.311191022447335610e-07 2.459607916295167569e-05
-2.890985058881540588e-07 -7.349670352033980356e-07 2.475682060756990047e-05
-7.615040197123828760e-08 -8.315214725334581373e-07 2.490267209327641471e-05
1.074972673545679806e-07 -6.194482943681285759e-07 2.502673107623888457e-05
2.559995029916257689e-07 -6.581638207052655181e-07 2.512353009932089432e-05
4.885814718265984765e-07 -4.536178442694010217e-07 2.518866226044118200e-05
5.591185048816872549e-07 -4.284008672632886704e-07 2.521915374059602595e-05
7.962964160335732353e-07 -2.482252843265968318e-07 2.521345781352995574e-05
7.942160274102923453e-07 -1.666540423564277830e-07 2.517154491663087118e-05
9.860541708609483795e-07 -1.779312756694174689e-08 2.509498702583083950e-05
9.289046175107909690e-07 9.942898732184696568e-08 2.498677131028422498e-05
1.034588037981800682e-06 2.200557088252420137e-07 2.485140894609362577e-05
9.422235714575247531e-07 3.434095766895618194e-07 2.469455372778206576e-05
9.427174806478822444e-07 4.458449878669117109e-07 2.452302665205608649e-05
8.285341770211975087e-07 5.438165237810324529e-07 2.434433547782133720e-05
7.326137417803130735e-07 6.399818769437646589e-07 2.416654754998772363e-05
5.994986025496518018e-07 6.863525447025637674e-07 2.399776750954579394e-05
4.411243271536293782e-07 7.847074866309007675e-07 2.384589605124178048e-05
2.839689722989161777e-07 7.643476224751608019e-07 2.371891652078281666e-05
1.126143633245365693e-07 8.663803628278802577e-07 2.362237825670339658e-05
-7.572933055286743947e-08 7.786426201574358608e-07 2.356158868706760933e-05
-2.099505202141666999e-07 8.783608129891351840e-07 2.353880542538996077e-05
-4.302972747969387765e-07 7.332462898713327505e-07 2.355497154365234031e-05
-4.893103826629069251e-07 8.148436063980600771e-07 2.360938461203340797e-05
-7.290676241120591899e-07 6.327434341899431178e-07 2.369940640548781971e-05
-6.946201690646886339e-07 6.791958066718967360e-07 2.382077266160163363e-05
-9.264978190788745112e-07 4.854250350336042474e-07 2.396794799531887173e-05
-8.022979115889376375e-07 4.828801149923359801e-07 2.413385420384167067e-05
-9.905521759629628934e-07 3.012334719638592744e-07 2.431114719018578855e-05
-7.998567882695454835e-07 2.437605174118542358e-07 2.449203616293867681e-05
-9.111232265640197823e-07 9.143985691803618284e-08 2.466827065154475330e-05
-6.860299260887611175e-07 -1.441434163997792580e-08 2.483214126724645493e-05
-7.010250677178065540e-07 -1.289645635099213451e-07 2.497674181686668850e-05
-4.715331535009403046e-07 -2.644034761227273662e-07 2.509626928984966430e-05
-3.933064492341336733e-07 -3.432705856658420985e-07 2.518559584240778268e-05
-1.800719227206691387e-07 -4.805613367831890421e-07 2.524122379889714340e-05
-3.776790873713086727e-08 -5.318161253098246203e-07 2.526082192487701108e-05
1.512206366111390139e-07 -6.409930813797689992e-07 2.524368283850980459e-05
3.102282351086309655e-07 -6.773073470952738749e-07 2.519066076476652208e-05
4.773399039635571294e-07 -7.335581352373611013e-07 2.510413981252634534e-05
6.004098730396839471e-07 -7.640488610035146707e-07 2.498792217241873205e-05
7.510299527067333815e-07 -7.535352742149829098e-07 2.484723441377935680e-05
7.959337546192650662e-07 -7.808697375112906094e-07 2.468835770492295813e-05
9.307538776857297381e-07 -7.042263358700491551e-07 2.451838348482786499e-05
8.758309655467302618e-07 -7.227329116488952504e-07 2.434541847115302547e-05
9.850231305008958322e-07 -5.937231715079208852e-07 2.417751477555503368e-05
8.360426987754460706e-07 -5.920552839386481475e-07 2.402247337820343843e-05
9.017721982522478280e-07 -4.353783366581625173e-07 2.388795873862089279e-05
6.878466990291457668e-07 -4.003310034294575867e-07 2.378069370508079460e-05
6.894660689308422745e-07 -2.434352411412494240e-07 2.370627987950357877e-05
4.529956260907799705e-07 -1.644546587924706345e-07 2.366874292177374619e-05
3.767765948643625490e-07 -3.112400266620451087e-08 2.367084504332040592e-05
1.609867225034978061e-07 9.532719865622875126e-08 2.371214953791687247e-05
7.069379710962333234e-09 1.879817579442332741e-07 2.379082067584742667e-05
-1.561594519884230853e-07 3.532387325234382089e-07 2.390313753356921079e-05
-3.674772565710295952e-07 3.994663168017642705e-07 2.404366695642711876e-05
-4.624473153645468500e-07 5.843525561297100949e-07 2.420562155915245061e-05
-6.925559786038464238e-07 5.886860439594288776e-07 2.438119347261470839e-05
-7.205612066734464840e-07 7.658969302861901222e-07 2.456202275823225243e-05
-9.210060895656563451e-07 7.401821675741705217e-07 2.473960722796940244e-05
-8.950734529022218644e-07 8.801234934187202959e-07 2.490572050124253685e-05
-1.020763097276818944e-06 8.386728626998867385e-07 2.505331869697455076e-05
-9.569142745097099140e-07 9.166162877767123142e-07 2.517554949976240236e-05
-9.804264290188954142e-07 8.712305154471201738e-07 2.526678928638691825e-05
-8.903689999258681764e-07 8.743002223839300696e-07 2.532310744359175824e-05
-8.112267006240944437e-07 8.300236838096377494e-07 2.534217468619171245e-05
-6.967019142769894018e-07 7.609240280972280671e-07 2.532343362544056214e-05
-5.414499124078494540e-07 7.152345414874818486e-07 2.526750826451818450e-05
-3.957142756587886468e-07 5.916220776558799682e-07 2.517734377118949310e-05
-2.126788153563113034e-07 5.349525936648873448e-07 2.505722843555826111e-05
-2.869778268409264035e-08 3.847490706393822004e-07 2.491198408719326080e-05
1.277421173211927306e-07 3.041519126620615793e-07 2.474802383103404712e-05
3.509566202212435056e-07 1.586885191004037134e-07 2.457256571221790275e-05
4.362747949597514344e-07 4.486533477653901965e-08 2.439335238314080297e-05
6.871307507625578288e-07 -6.792218149732773111e-08 2.421834251363928818e-05
6.775821145310619196e-07 -2.168296268634540408e-07 2.405546794123729541e-05
9.305521123767059020e-07 -2.790567794367651552e-07 2.391218422178698571e-05
8.268018887459530496e-07 -4.555501701596984876e-07 2.379488459829811161e-05
1.046668839335199536e-06 -4.614709304679734223e-07 2.370847779809718626e-05
8.692228924775978392e-07 -6.476785587557223691e-07 2.365657658254052706e-05
1.020381378339039977e-06 -6.031969991703700045e-07 2.364143706789780688e-05
8.006394515427368589e-07 -7.752284465528667311e-07 2.366341213246689711e-05
8.586429701009566311e-07 -6.944950459228862338e-07 2.372127105809429683e-05
6.271733502833057330e-07 -8.271345983212191653e-07 2.381235197891465427e-05
5.874748620046208430e-07 -7.264756768509421257e-07 2.393184474576301674e-05
3.661411614624047070e-07 -8.002364137711265487e-07 2.407464245303519889e-05
2.489481959123549431e-07 -6.937619612644280222e-07 2.423330812026392567e-05
4.711336737175852631e-08 -6.995756952379713348e-07 2.440089505659644617e-05
-1.059653803843710031e-07 -5.940191999691729020e-07 2.456936838695745223e-05
-2.898427061136431041e-07 -5.367635518575687803e-07 2.473065407479007959e-05
-4.273924038693413062e-07 -4.307240839136016068e-07 2.487736500479507482e-05
-5.982098363971907378e-07 -3.289983160207083943e-07 2.500296353923912431e-05
-6.713655970420221236e-07 -2.138491531514394561e-07 2.510214523455644829e-05
-8.287436481519975673e-07 -9.613682973917724862e-08 2.516991449613501986e-05
-8.077102915627837990e-07 3.840639034871333160e-08 2.520311156552741149e-05
-9.430968180345270937e-07 1.397671320406750639e-07 2.520015730231682849e-05
-8.232299935446758231e-07 3.019156872830783229e-07 2.516173283538627561e-05
-9.173718858768773826e-07 3.593805899158549021e-07 2.508879493046530936e-05
-7.207143421125836760e-07 5.494121631685189574e-07 2.498413927897964588e-05
-7.512473249744902707e-07 5.455880544429967347e-07 2.485222479995383079e-05
-5.177129131639880937e-07 7.541808966737721083e-07 2.469878010491524577e-05
-4.677592449132073548e-07 6.858879335779997478e-07 2.453043507860123266e-05
-2.421943296425030848e-07 8.947598228284522630e-07 2.435475240351103401e-05
-1.096894070544114686e-07 7.719753294946029243e-07 2.417956433515154312e-05
7.150561826113722273e-08 9.579052839903439020e-07 2.401305175287688154e-05
2.691795625319504336e-07 8.002227943030414676e-07 2.386334424985345152e-05
3.865934898507592833e-07 9.412265087635351956e-07 2.373689914236911850e-05
6.130737539911581230e-07 7.691082050384031865e-07 2.363957326930781613e-05
6.654444645100513202e-07 8.477875783166683484e-07 2.357606667640282867e-05
8.738778646477188633e-07 6.791047119475498466e-07 2.354938696539681995e-05
8.735106068190982433e-07 6.893354417707772542e-07 2.356088157652687831e-05
1.018094562959902852e-06 5.339800656164273723e-07 2.361008536548409338e-05
9.814266392256205711e-07 4.824801165200426679e-07 2.369476346938001885e-05
1.029949347285688379e-06 3.408415355305986796e-07 2.381109543730328950e-05
9.685201539900168391e-07 2.466380697051128153e-07 2.395379929121108079e-05
9.120423193302016077e-07 1.112170634177247265e-07 2.411649676513424737e-05
8.272556278139293940e-07 2.294396839121615504e-09 2.429195173100107152e-05
6.840473811722332077e-07 -1.382129337196054596e-07 2.447262180796021277e-05
5.685933137641131187e-07 -2.307028023331069241e-07 2.465065364396647372e-05
3.794556333540654617e-07 -3.860784559706478576e-07 2.481824366724560645e-05
2.210311908894324157e-07 -4.342434723993633797e-07 2.496823229831505997e-05
3.821493307565877309e-08 -6.074998544246844329e-07 2.509428352821220715e-05
-1.689780502337538185e-07 -5.932309421667063557e-07 2.519100546839549135e-05
-2.957120276006265497e-07 -7.780868153964230015e-07 2.525445840454010514e-05
-5.439549117539446856e-07 -6.969878428190240061e-07 2.528195267331236976e-05
-5.810269486957172366e-07 -8.780855185296249169e-07 2.527272848182776947e-05
-8.456224921627478100e-07 -7.395340813355921633e-07 2.522723758438103313e-05
-7.837769114542843226e-07 -8.963325507894676539e-07 2.514708963926807955e-05
-1.027288585922411347e-06 -7.195765779511446382e-07 2.503609864016358158e-05
-8.799683474639135893e-07 -8.310025640476107160e-07 2.489914912266390725e-05
-1.062161072850822362e-06 -6.388962390242402292e-07 2.474209599629158528e-05
-8.595917191934754791e-07 -6.904646101616576645e-07 2.457216056195112266e-05
-9.507459202444418334e-07 -5.044153919430677656e-07 2.439773108517121267e-05
-7.260003162128728238e-07 -4.928111082519608817e-07 2.422703744971414034e-05
-7.164588176817399151e-07 -3.261830261681283555e-07 2.406801638274469287e-05
-4.949182158238394092e-07 -2.613837012263685564e-07 2.392847593398630162e-05
-3.995600424722269620e-07 -1.176557429972015610e-07 2.381569352659552866e-05
-1.935119091925964789e-07 -2.067057322294425299e-08 2.373532809642664017e-05
-4.911789871284322570e-08 1.057275830270802008e-07 2.369140116065122418e-05
1.416796171347645788e-07 2.073724585148792003e-07 2.368622638953811772e-05
2.859190614027411282e-07 3.268635769883440941e-07 2.372015015143047023e-05
4.676449955698435706e-07 4.044070341927954393e-07 2.379151645607035324e-05
5.628326641983263525e-07 5.266950308896919041e-07 2.389677803376881950e-05
7.388654001486658106e-07 5.562337685408016932e-07 2.403073722282456781e-05
7.492013278529990318e-07 6.854371931534963037e-07 2.418683107765931965e-05
9.131478730007910307e-07 6.529080836334705524e-07 2.435755531493110081e-05
8.251765244389437213e-07 7.846003402847623526e-07 2.453481021956084173e-05
9.590354635219561512e-07 6.886657606074963280e-07 2.471038105873039935e-05
7.847623726395599254e-07 8.103679241119346725e-07 2.487655548934684620e-05
8.639295603375244973e-07 6.629214154007131893e-07 2.502587972885198948e-05
6.357125733095543141e-07 7.567169040058778874e-07 2.515149715549356486e-05
6.370743978686865919e-07 5.774660624965710577e-07 2.524796061675774699e-05
3.973981878234091316e-07 6.250431554374662596e-07 2.531113460832726386e-05
3.112851162440693625e-07 4.382446159995202628e-07 2.533830711707109700e-05
1.000481892090706486e-07 4.280721611291672818e-07 2.532830814784157577e-05
-6.262011343980760440e-08 2.552303294994366906e-07 2.528148023263204622e-05
-2.189174721720661065e-07 1.869362409729086318e-07 2.519970817229286492e-05
-4.259513370211372359e-07 4.181516774860167492e-08 2.508644979381862236e-05
-5.190862859149456618e-07 -7.155677671845025371e-08 2.494621595962159268e-05
-7.238402578507808374e-07 -1.861895258969863968e-07 2.478476460872884539e-05
-7.604908199083183308e-07 -3.213254986254193831e-07 2.460879217879681572e-05
-9.142218284873847202e-07 -4.121305242502583395e-07 2.442587123439612411e-05
-9.093357527902432107e-07 -5.392893745148764540e-07 2.424380476539339863e-05
-9.751065361737190282e-07 -6.182739026382218126e-07 2.407123581062685109e-05
-9.401511814784176094e-07 -7.077291538591944311e-07 2.391530314947402659e-05
-9.037342401663552938e-07 -7.870320429025992843e-07 2.378279711783725224e-05
-8.446979886652459594e-07 -8.166584560222299754e-07 2.367974629312894017e-05
-7.194366747672051682e-07 -9.038687968868883156e-07 2.361070419672511476e-05
-6.302547754673494549e-07 -8.624014143050388392e-07 2.357895985036450765e-05
-4.513963293833290516e-07 -9.566909955503407401e-07 2.358597619110808704e-05
-3.204349021924368980e-07 -8.460663865227241202e-07 2.363123678071662038e-05
-1.356945948792579002e-07 -9.375185678696289639e-07 2.371252852865185338e-05
4.638991444256415304e-08 -7.716768466564911181e-07 2.382610161845830600e-05
1.895915692616580788e-07 -8.440758553490427667e-07 2.396643106995946613e-05
4.203706032687182530e-07 -6.459670989200610721e-07 2.412633983067261065e-05
4.861072268640028808e-07 -6.810994752738275727e-07 2.429823303945215956e-05
7.461596287091319928e-07 -4.769272642009092778e-07 2.447397258074820439e-05
7.189424496059501592e-07 -4.611529919379369142e-07 2.464536513610386331e-05
9.733301533844520225e-07 -2.752572034613994494e-07 2.480458536106581384e-05
8.594644945429941149e-07 -2.047298689204215281e-07 2.494435118957558288e-05
1.065884915369457826e-06 -5.419800451463078994e-08 2.505851545373693383e-05
8.883740310542407784e-07 6.221955609743412187e-08 2.514193648575391258e-05
1.010009523122745867e-06 1.706042031813293247e-07 2.519109511383516988e-05
7.987564557849605649e-07 3.121729129685676670e-07 2.520387435056211872e-05
8.171057833579490213e-07 3.827628643735847092e-07 2.518017877328903548e-05
5.982878092938132687e-07 5.216085751789687337e-07 2.512060597117748924e-05
5.208700094477037221e-07 5.640075251534554779e-07 2.502784968145002904e-05
3.097305111642111629e-07 6.699039831929902952e-07 2.490596697636558336e-05
1.699769877812816903e-07 6.973270757205107247e-07 2.476050518075371203e-05
-2.970958832435704332e-08 7.476685551293586832e-07 2.459780242978449271e-05
-1.819480038177875400e-07 7.696703313061017911e-07 2.442512821685310364e-05
-3.752232513867008036e-07 7.525229851636166360e-07 2.425029177078195301e-05
-4.875085625540358077e-07 7.714592693817546748e-07 2.408188234472483330e-05
-6.774089601929831841e-07 6.901901757020819074e-07 2.392778506209488810e-05
-7.094313616809662956e-07 7.013725082651926537e-07 2.379459096608101579e-05
-8.929097494628691569e-07 5.713221499249517430e-07 2.368869983592649503e-05
-8.264681866087567020e-07 5.632082551611727361e-07 2.361530370518969988e-05
-9.875104191135511898e-07 4.089381303580726970e-07 2.357842554688848545e-05
-8.298346941408301801e-07 3.679424303319134321e-07 2.357974254464416592e-05
-9.451082801940943489e-07 2.166374743589133850e-07 2.361980716783601035e-05
-7.240591349390904683e-07 1.337606473409853080e-07 2.369658973046040313e-05
-7.696088229312980438e-07 8.490621427771829530e-09 2.380681572248462453e-05
-5.251084962763460529e-07 -1.182723174431020065e-07 2.394549082746294457e-05
-4.856796842325869463e-07 -2.019490480633459606e-07 2.410642334599589942e-05
-2.565212748979923412e-07 -3.631277337119754283e-07 2.428233847909284999e-05
-1.349305023220573311e-07 -4.000727944747546934e-07 2.446535074197567897e-05
5.036779163904118901e-08 -5.755191091250963951e-07 2.464730903504248988e-05
2.296569565465341413e-07 -5.705431523527789765e-07 2.482025201968252718e-05
3.585776737530240971e-07 -7.331071524951782371e-07 2.497630841951133451e-05
5.534101081949655953e-07 -6.982550434002930786e-07 2.510884544958652380e-05
6.271849127013845857e-07 -8.197679419072775667e-07 2.521237400744518405e-05
7.875787954382134864e-07 -7.680650743410954492e-07 2.528232084814905365e-05
8.165456371391673991e-07 -8.273618065948106280e-07 2.531573084969478992e-05
8.999654253259232487e-07 -7.706503022266582006e-07 2.531127615576950511e-05
8.949007863272365600e-07 -7.594507551695767109e-07 2.526931615599670186e-05
8.793934245062810899e-07 -7.016620384646449315e-07 2.519185221655833239e-05
8.451350169838302858e-07 -6.259515554715183000e-07 2.508272161888563633e-05
7.366683600937608015e-07 -5.625041551673196578e-07 2.494710899128006518e-05
6.678417313698488458e-07 -4.427698523428355062e-07 2.479109014084046413e-05
4.968259649023251469e-07 -3.641938706442288978e-07 2.462194244483875989e-05
3.830854139613735623e-07 -2.284414166761003758e-07 2.444783153885255370e-05
1.961969495219901353e-07 -1.225600078458786060e-07 2.427647250360437441e-05
2.847426005672173426e-08 -1.707908627816589613e-09 2.411597631479666271e-05
-1.254290014721444049e-07 1.390071763024114071e-07 2.397396390738730409e-05
-3.463396901375459780e-07 2.202107064049735770e-07 2.385717042544212220e-05
-4.296362960650533860e-07 3.961071133926100687e-07 2.377107730660239351e-05
-6.878123015457108744e-07 4.232664692142924076e-07 2.371965997107281841e-05
-6.823172204470950239e-07 6.246503854822814410e-07 2.370510285087147346e-05
-9.461464507615868826e-07 5.954822946609661653e-07 2.372779327540473047e-05
-8.553465066334626133e-07 8.030916264323189415e-07 2.378629840040994079e-05
-1.084425858137223930e-06 7.262493581493080150e-07 2.387754136419262228e-05
-9.279310655700987779e-07 9.147304232298626512e-07 2.399682017022707138e-05
-1.082891128173801254e-06 8.057509396838265235e-07 2.413851693173327040e-05
-8.876443440969753276e-07 9.490256508159285392e-07 2.429566419076513849e-05
-9.425958070975943091e-07 8.253937928548116733e-07 2.446090680916699795e-05
-7.328797986436433865e-07 9.035502083843170870e-07 2.462666215975092065e-05
-6.852541787250249849e-07 7.793170399747822169e-07 2.478550473988307213e-05
-4.760463295001315059e-07 7.841046221719370717e-07 2.493041312323124556e-05
-3.495425726175096812e-07 6.663075735174448301e-07 2.505518202736160469e-05
-1.435354492221422076e-07 6.046428597817413594e-07 2.515437114317279485e-05
1.600709997675854531e-08 4.915175473875337652e-07 2.522359351554753616e-05
2.217366373603279504e-07 3.837350989579452144e-07 2.525981993021456790e-05
3.588058842542055655e-07 2.667435464646512163e-07 2.526136342113206287e-05
5.682853972587701473e-07 1.430977656398145124e-07 2.522798871281739551e-05
6.341866740603327225e-07 1.134110262235159646e-08 2.516113343575533296e-05
8.437768145125319462e-07 -9.554841301764154461e-08 2.506323095387953949e-05
8.099789701135753922e-07 -2.500127254937330550e-07 2.493804833980912234e-05
1.004702941514959892e-06 -3.124892226321418510e-07 2.479076514620475865e-05
8.697009678962325643e-07 -4.901375150758346535e-07 2.462745175110037435e-05
1.024898769243972389e-06 -4.919398025387180031e-07 2.445513770754440200e-05
8.121948306039780275e-07 -6.837911279230844580e-07 2.428122579538952695e-05
9.009883293005599500e-07 -6.225596593528757966e-07 2.411347856940131246e-05
6.503738519690030047e-07 -8.107278028918844818e-07 2.395968112999097345e-05
6.548912800433458465e-07 -6.964334018983793951e-07 2.382667558098593451e-05
4.075659713357194296e-07 -8.590138122460347731e-07 2.372089800263718257e-05
3.252850306207913937e-07 -7.104034379628522974e-07 2.364704820286953784e-05
1.125244384757361438e-07 -8.258693072566442567e-07 2.360843082622519451e-05
-3.890316832957162093e-08 -6.630861368523861454e-07 2.360686538504611437e-05
-2.007772756575787722e-07 -7.165018344203795128e-07 2.364237706480828947e-05
-3.843983522439565847e-07 -5.556104309484860620e-07 2.371305776688141859e-05
-4.944163744957299285e-07 -5.431133757965667884e-07 2.381538470032358337e-05
-6.625979721877343371e-07 -3.923054733422570427e-07 2.394426675049383832e-05
-7.295302849360204483e-07 -3.234518444153162617e-07 2.409344206361328257e-05
-8.365122874330658721e-07 -1.819261969954461496e-07 2.425575594485895005e-05
-8.703604841678094840e-07 -7.880895197237440330e-08 2.442361451546848933e-05
-8.850654442958555991e-07 6.152939406673255880e-08 2.458983915516589169e-05
-8.892054471238696292e-07 1.684782857347856860e-07 2.474644384145519978e-05
-8.059806719859762816e-07 3.186216973064297249e-07 2.488655421774263373e-05
-7.756922786019842885e-07 3.976605309053759336e-07 2.500401227464611596e-05
-6.155965743609855830e-07 5.654029994280726575e-07 2.509363546796142960e-05
-5.386061151138454294e-07 5.890197994149895270e-07 2.515122058121330224e-05
-3.433639660184788302e-07 7.742839416847571290e-07 2.517434552207904031e-05
-2.079253956783085974e-07 7.274654218425351507e-07 2.516198135607528212e-05
-2.771351746083450604e-08 9.211798429938517124e-07 2.511473094952019068e-05
1.683910543292443796e-07 8.041996786879736706e-07 2.503453234511187833e-05
2.897157969853845820e-07 9.888037507496254398e-07 2.492491531939978027e-05
5.328547632874994232e-07 8.158573640350760791e-07 2.479052661195464355e-05
5.693791901731088715e-07 9.695318801039485357e-07 2.463731640071915022e-05
8.294572711504240162e-07 7.638473213210998377e-07 2.447212376079749388e-05
7.780306360560131939e-07 8.662917152697019452e-07 2.430244060258817559e-05
1.014335531822193075e-06 6.533066310452987658e-07 2.413592386827272194e-05
8.911974938700937877e-07 6.925070422932310160e-07 2.398063320325276803e-05
1.063842255232072790e-06 4.934799494875056001e-07 2.384385806496233364e-05
8.954544426663556922e-07 4.685338668999463234e-07 2.373250414336599244e-05
9.751572472446936547e-07 2.946860956614973381e-07 2.365202671874505825e-05
7.868291789156696099e-07 2.177817285206175020e-07 2.360668591051260612e-05
7.658668648085618965e-07 7.018827458129040978e-08 2.359927079089382015e-05
5.737403214117310169e-07 -3.590891648020071966e-08 2.363056795682616775e-05
4.689544793851757610e-07 -1.647915575413189227e-07 2.369957193834141496e-05
2.771008426491024672e-07 -2.708603537155091534e-07 2.380332572560494125e-05
1.267705359596026976e-07 -3.925115546830520650e-07 2.393721406596906054e-05
-6.978989840899409920e-08 -4.688543567308087955e-07 2.409510389792520813e-05
-2.152256511497626801e-07 -5.931151062111417440e-07 2.426975283012882388e-05
-4.229085695066846967e-07 -6.158195161327490773e-07 2.445313354237000055e-05
-5.139547738383826456e-07 -7.461000842850556283e-07 2.463689085423660048e-05
-7.321223642382825108e-07 -7.022773864861667956e-07 2.481272457211205592e-05
-7.335194597653509291e-07 -8.330618642895103110e-07 2.497278633943142914e-05
-9.489137856382605648e-07 -7.234081502837677401e-07 2.511015381303543373e-05
-8.487041576793952417e-07 -8.400220960783580720e-07 2.521874136804297314e-05
-1.035978163414155274e-06 -6.786415067878529301e-07 2.529400903075816175e-05
-8.481810257841020799e-07 -7.636027672669426058e-07 2.533282723825794680e-05
-9.768658931545008903e-07 -5.742338204817444972e-07 2.533379232607310479e-05
-7.347086909088693222e-07 -6.107898496493046070e-07 2.529705828565625465e-05
-7.796091205609525076e-07 -4.192512291099815208e-07 2.522453846115249826e-05
-5.241496191817395871e-07 -3.980526839962927381e-07 2.511960795012165961e-05
-4.760779201366130579e-07 -2.252354134517187607e-07 2.498744497763634518e-05
-2.433870328029651494e-07 -1.474530840482104987e-07 2.483379849816862519e-05
-1.155263726999356549e-07 -6.763661798953096998e-09 2.466568882433773673e-05
7.233205410119128019e-08 1.119939884771452791e-07 2.449078911818641492e-05
2.457438397499665499e-07 2.190021936821797984e-07 2.431711242737671192e-05
3.836595571503692759e-07 3.541455708047409649e-07 2.415301140552073426e-05
5.558366082090433476e-07 4.359079395022058660e-07 2.400612205562850318e-05
6.508734304357390059e-07 5.579697793013432523e-07 2.388272861842785614e-05
7.739557740071469458e-07 6.261697512136019080e-07 2.378850998712917685e-05
8.370497942144612132e-07 7.066908757504691611e-07 2.372767581418251399e-05
8.760134614469024994e-07 7.727083580560505670e-07 2.370293552047301008e-05
9.136153182739844610e-07 7.911841542096251451e-07 2.371524968755803621e-05
8.554905949606106193e-07 8.604009444163759709e-07 2.376384057288244699e-05
8.642303680850791277e-07 8.085561528271644657e-07 2.384690712146525255e-05
7.212023261199423465e-07 8.779429224601394754e-07 2.395972380340204288e-05
6.887353259071519516e-07 7.603252694604475571e-07 2.409679524104574511e-05
4.951063440497610320e-07 8.177795898273946994e-07 2.425221238610084383e-05
4.070808108191351129e-07 6.520989019830830679e-07 2.441843208538800979e-05
2.084483902153208575e-07 6.805053738361291924e-07 2.458750593187722044e-05
5.634366764500205124e-08 4.925115078275582519e-07 2.475254821204950627e-05
-1.022880960550185486e-07 4.762828682381026042e-07 2.490550445903969197e-05
-3.120491424832227171e-07 2.930674683791166907e-07 2.503909233048929158e-05
-3.984428004933856859e-07 2.218044653285515979e-07 2.514739801116078769e-05
-6.406926936275868573e-07 6.684536334780365998e-08 2.522543898310672148e-05
-6.424312121462222574e-07 -5.770874954551501302e-08 2.526937386804111786e-05
-8.774154105016250384e-07 -1.698720256157173405e-07 2.527702331805150180e-05
-8.019395013844859724e-07 -3.323906464769060071e-07 2.524764552578590869e-05
-9.855617261920261872e-07 -3.988597332621201660e-07 2.518275854346634814e-05
-8.539054418447642030e-07 -5.726686190128518442e-07 2.508442389497116264e-05
-9.511906048163076775e-07 -6.020528089615586206e-07 2.495639660299285115e-05
-7.877814111899139060e-07 -7.565944571012107975e-07 2.480391590718931103e-05
-7.844202643046835584e-07 -7.634648676153948553e-07 2.463350472708278690e-05
-6.070890691225119103e-07 -8.692625933992320646e-07 2.445277902218498208e-05
-5.145896030329645040e-07 -8.676813370528388987e-07 2.426939427842688754e-05
-3.311188063962995312e-07 -9.054498455745372783e-07 2.409156872717386583e-05
-1.855687496228267159e-07 -9.061137798525121940e-07 2.392739555321985088e-05
7.486550572523553325e-09 -8.691942321813118646e-07 2.378477715869532601e-05
1.571305526294744625e-07 -8.721802804026761034e-07 2.367038699501899633e-05
3.658060497681590185e-07 -7.684191450252325987e-07 2.358917977803680140e-05
4.689099150298089331e-07 -7.676997319180303513e-07 2.354482185696281553e-05
6.950815063141129153e-07 -6.177419977540150871e-07 2.353933510388626926e-05
7.147718672914345335e-07 -5.998749799556971561e-07 2.357341590534630507e-05
9.495408569792575956e-07 -4.304469893724546569e-07 2.364455669451156680e-05
8.687696315650323871e-07 -3.818135984184267894e-07 2.374909529127262024e-05
1.088265590975530949e-06 -2.213481355120149702e-07 2.388202699583720227e-05
9.145813392032847983e-07 -1.325873175317103013e-07 2.403686930743500471e-05
1.086614069688491888e-06 -4.541137446039615471e-09 2.420652088142712745e-05
8.474064020428797331e-07 1.244272945913514869e-07 2.438305529333138966e-05
9.407387534159909247e-07 2.055719341639934483e-07 2.455867070186678103e-05
6.739123263593988830e-07 3.634816189809161554e-07 2.472549556194576580e-05
6.701944166081091191e-07 3.942351542625600558e-07 2.487638173620325253e-05
4.126414731408704374e-07 5.598294184958584978e-07 2.500481977304944080e-05
3.156635148543522623e-07 5.467853224877792874e-07 2.510543241872109088e-05
9.351229542909844250e-08 6.934570183760082479e-07 2.517402743469290436e-05
-6.828504591473161563e-08 6.496599325085204916e-07 2.520778717985343361e-05
-2.442397688420476562e-07 7.521523476310759803e-07 2.520539777341523628e-05
-4.233716737017527604e-07 6.920997824111682819e-07 2.516711133182668691e-05
-5.548849535463407213e-07 7.337508285095938693e-07 2.509465695463438699e-05
-6.981406618152227760e-07 6.677821558031538316e-07 2.499110643998011925e-05
-7.951986602715613403e-07 6.439209772608575160e-07 2.486103858596685101e-05
-8.596139665084862061e-07 5.749057894223581845e-07 2.471021113245179161e-05
-9.290660412873389660e-07 4.955205094534306329e-07 2.454544035712379835e-05
-8.933285090401752597e-07 4.190557012829533324e-07 2.437432139139019327e-05
-9.340915508350486284e-07 3.061266975205986634e-07 2.420482579750014520e-05
-8.043149942691386219e-07 2.124563763251631313e-07 2.404495722086569435e-05
-8.057894035782111292e-07 9.402161064644951804e-08 2.390252662838644003e-05
-6.122413170906808009e-07 -2.752383753407157106e-08 2.378456823238596756e-05
-5.596412493978801000e-07 -1.235098680124584218e-07 2.369710175624625164e-05
-3.467639215781540894e-07 -2.792521089425138225e-07 2.364476993267231118e-05
-2.281675181907176544e-07 -3.310909882892990931e-07 2.363047536497998679e-05
-4.189330783106636155e-08 -5.190599216347170667e-07 2.365502488584537112e-05
1.405451087440608329e-07 -5.155494183206596620e-07 2.371737715079394308e-05
2.645757999837336474e-07 -7.236506387819793707e-07 2.381519059841677436e-05
4.920991824757346949e-07 -6.651422642130838361e-07 2.394356030903707007e-05
5.365269774566852184e-07 -8.720736732051041404e-07 2.409613932912842908e-05
7.733515027620934582e-07 -7.687504462798955538e-07 2.426567699912233244e-05
7.399668751826687111e-07 -9.480054609397220409e-07 2.444433695070360093e-05
9.415805331530057213e-07 -8.163324540168460158e-07 2.462390991048810654e-05
8.463601229793940567e-07 -9.427404700262083053e-07 2.479636775537403991e-05
9.719827288419623914e-07 -8.001341663654693354e-07 2.495411616087511700e-05
8.372079041855486923e-07 -8.561996805423672211e-07 2.509073639167403382e-05
8.641639869681746832e-07 -7.152234052564416979e-07 2.520018075700656039e-05
7.067191155038209514e-07 -6.978691962740232946e-07 2.527794390923960761e-05
6.360552120498058433e-07 -5.646046162130954660e-07 2.532097063062102157e-05
4.641196944970829308e-07 -4.860792143589835512e-07 2.532770444135510512e-05
3.248321735030432047e-07 -3.573131870872582983e-07 2.529812048898570566e-05
1.373742889637715663e-07 -2.430030879491806408e-07 2.523370230492542098e-05
-2.208749557161610495e-08 -1.093507714612457438e-07 2.513735649163241419e-05
-2.297939847594113273e-07 8.243268967681017323e-09 2.501346431976822431e-05
-3.549827608769651586e-07 1.576589501067714144e-07 2.486769774515351934e-05
-5.846363011564375107e-07 2.461865460000686365e-07 2.470603338701116342e-05
-6.324619495703208518e-07 4.191601725915566843e-07 2.453531142533510296e-05
-8.758175350594271122e-07 4.539690024479432238e-07 2.436309383601586558e-05
-8.232124211289152035e-07 6.497353670412436973e-07 2.419704769681519887e-05
-1.058104419510556224e-06 6.190978098699033907e-07 2.404442060946376434e-05
-9.087966759664350465e-07 8.262364889341813459e-07 2.391252111723733483e-05
-1.105219126610859355e-06 7.313414715733568917e-07 2.380685330943844438e-05
-8.836651939745673668e-07 9.311733811616256144e-07 2.373246398149970104e-05
-1.010045819049037221e-06 7.858613973718144388e-07 2.369288120453386516e-05
-7.523346802973539838e-07 9.554047399978149008e-07 2.368953971088749253e-05
-7.871436218655975792e-07 7.808562535661005262e-07 2.372263117817818853e-05
-5.291974401160150109e-07 8.995436363804432877e-07 2.379052880967316176e-05
-4.692989283436852356e-07 7.162684280984240202e-07 2.388999143668954562e-05
-2.373666852208888610e-07 7.691950646038477438e-07 2.401631865912923008e-05
-1.025046550311517505e-07 5.931400463272069060e-07 2.416347329153371352e-05
9.148050151670420636e-08 5.778152761029599631e-07 2.432453865322204898e-05
2.612239043844898867e-07 4.168402682621555177e-07 2.449189594664621201e-05
4.181013169504163105e-07 3.447098067228833335e-07 2.465774247382927285e-05
5.716925511388411360e-07 1.976910392867046673e-07 2.481432904734199609e-05
6.988701216395756520e-07 9.274448886560125601e-08 2.495441265965725412e-05
7.882109538834819971e-07 -4.779155107882728279e-08 2.507182245210356073e-05
8.914445871334448629e-07 -1.533715717327552167e-07 2.516101488316226361e-05
8.853463834291943789e-07 -2.976562397633148002e-07 2.521757039811093861e-05
9.629816815542175428e-07 -3.717532481827913048e-07 2.523913682957010821e-05
8.566614829523835422e-07 -5.261147962039642872e-07 2.522414736406465054e-05
8.971430775259907743e-07 -5.445682257363849062e-07 2.517326962800500297e-05
7.126027441748152816e-07 -7.089778735893342904e-07 2.508875764546681237e-05
6.992357399256897583e-07 -6.598913850030341875e-07 2.497356234113797292e-05
4.779298496202229088e-07 -8.259330956951669166e-07 2.483256342133028719e-05
3.968185054316718183e-07 -7.125870847260861853e-07 2.467180954084751928e-05
1.867365796727375959e-07 -8.637470557456515733e-07 2.449838660162789952e-05
3.606581891097376545e-08 -7.016864366648118287e-07 2.432065497269468270e-05
-1.218300951428218518e-07 -8.178347234055894367e-07 2.414699313736449712e-05
-3.252704100097746596e-07 -6.283719350958259351e-07 2.398513615656588873e-05
-4.080299781998556317e-07 -6.915363713630065327e-07 2.384184187544453106e-05
-6.326525491995261537e-07 -4.994621660381474218e-07 2.372389748032666519e-05
-6.384582176808820927e-07 -5.006255383843632398e-07 2.363656326230047130e-05
-8.431444309592520484e-07 -3.230519639437528317e-07 2.358417569253032456e-05
-7.866111356853598367e-07 -2.642972903396885550e-07 2.356873252858475556e-05
-9.308780629812103702e-07 -1.103309386022033121e-07 2.359093276224383685e-05
-8.316161663816155472e-07 -7.100698679894183342e-09 2.364960989058440932e-05
-8.871180276200061030e-07 1.249980345013536229e-07 2.374198913650325980e-05
-7.623735006468210474e-07 2.472142715169119507e-07 2.386370762512651954e-05
-7.226075981545292022e-07 3.668121217263280042e-07 2.400957245837692574e-05
-5.809619610575687021e-07 4.768488836918825672e-07 2.417218865602249034e-05
-4.640611262926840252e-07 5.953960346298096117e-07 2.434449479477103544e-05
-3.038062235522297233e-07 6.628868368152058291e-07 2.451865535593674594e-05
-1.494910162097859505e-07 7.888819613469962322e-07 2.468648224325792402e-05
3.542508782861097245e-08 7.902358607838981070e-07 2.484048402276539620e-05
1.765270113185858633e-07 9.243360794024489590e-07 2.497393535578063860e-05
3.896965782711982212e-07 8.499099891595841091e-07 2.508115296536798166e-05
4.701850591441117771e-07 9.842612618362576513e-07 2.515769308933415825e-05
7.041645628053713723e-07 8.398196113161071675e-07 2.519993598222867708e-05
6.939249334966871601e-07 9.578627189334081147e-07 2.520616031771983582e-05
9.287181479245488190e-07 7.626020514780294377e-07 2.517616939329534755e-05
8.214134935552228043e-07 8.448493626210538345e-07 2.511139212767301825e-05
1.025802417793830563e-06 6.264848666404109113e-07 2.501483207664453921e-05
8.386662602192647658e-07 6.563641409727475840e-07 2.489089820820420551e-05
9.791762447729445547e-07 4.434661200678549563e-07 2.474538207218082676e-05
7.450044478121174010e-07 4.131764296603587586e-07 2.458503160207947981e-05
7.970601105724835165e-07 2.280782031667672160e-07 2.441751169401250630e-05
5.521590991744512560e-07 1.421428799231238646e-07 2.425078958952872919e-05
5.095846651133805703e-07 -3.708117395661515659e-09 2.409303270101854018e-05
2.824486663459063085e-07 -1.282954284307197899e-07 2.395197126501706075e-05
1.620730290657063814e-07 -2.344394836151506676e-07 2.383484060842899082e-05
-3.278520083343888536e-08 -3.704944480701679638e-07 2.374734909491712243e-05
-1.945891419457928115e-07 -4.472566798818084337e-07 2.369390808335734800e-05
-3.571200681166087952e-07 -5.658216606200836577e-07 2.367776738226776338e-05
-5.119881353962463324e-07 -6.266825761025910139e-07 2.369926432406681990e-05
-6.502083519036757848e-07 -7.001132020478780166e-07 2.375743061828709468e-05
-7.506051286863785686e-07 -7.554386599640788711e-07 2.384923516858083502e-05
-8.720094521781206081e-07 -7.650132623995048036e-07 2.397030023554599487e-05
-8.846237577049455653e-07 -8.192600419889469997e-07 2.411522409807894930e-05
-9.892317666456396657e-07 -7.589733440246356687e-07 2.427685258747012921e-05
-9.020630143547911784e-07 -8.075334508567704381e-07 2.444766264517936395e-05
-9.780832440142716539e-07 -6.856236933108528566e-07 2.461997220141751104e-05
-8.046544837325425264e-07 -7.160834418115913737e-07 2.478611457283037232e-05
-8.328742260787617787e-07 -5.529544364632196966e-07 2.493891547944521929e-05
-6.080135146668114855e-07 -5.494010310429518932e-07 2.507182592642590558e-05
-5.696038611879067899e-07 -3.727416701554680907e-07 2.517930490770788467e-05
-3.389379851161260325e-07 -3.216862080340042166e-07 2.525688935169682306e-05
-2.253720542833099938e-07 -1.596150066850617045e-07 2.530143295789677552e-05
-3.207970307624344201e-08 -5.577274966801107331e-08 2.531113924735954216e-05
1.473602746904383717e-07 6.993753823333721405e-08 2.528564867138188380e-05
2.739505878485700472e-07 2.199602212246545516e-07 2.522603219369438465e-05
4.906277593365102191e-07 2.985499776810572706e-07 2.513475313885511739e-05
5.406939756438027700e-07 4.760086755285066805e-07 2.501559147696563517e-05
7.523371337301067208e-07 5.089295580197672904e-07 2.487351523730627447e-05
7.339276715427339028e-07 6.863666035873764632e-07 2.471450505920435613e-05
8.960078849951164234e-07 6.848041806747059073e-07 2.454535334934476501e-05
8.274955543644688379e-07 8.321618549761938882e-07 2.437338448566598369e-05
9.063476687765137725e-07 8.118688030685468052e-07 2.420618356401544024e-05
8.065756711786722630e-07 9.034658349593156927e-07 2.405124123901641422e-05
7.896750489628418833e-07 8.786829138709618492e-07 2.391562952808112686e-05
6.700192888504611261e-07 8.990761578949186948e-07 2.380562471272699339e-05
5.699912066020192618e-07 8.774742613960654925e-07 2.372639990191652599e-05
4.315166180821603457e-07 8.247280225776890949e-07 2.368196050180626036e-05
2.828672903535390659e-07 8.046921034781069462e-07 2.367461037758634176e-05
1.192721143725778453e-07 6.905660586015436513e-07 2.370416527558711275e-05
-3.123830775966855306e-08 6.623774859355128062e-07 2.376912349163495006e-05
-2.262054559130780805e-07 5.098229825428843926e-07 2.386619859141589652e-05
-3.318328607992534856e-07 4.588494841346476299e-07 2.399056326947127978e-05
-5.558778775388145457e-07 2.968117935591826319e-07 2.413608671211202954e-05
-5.820909627169013056e-07 2.093008005211378331e-07 2.429563752593720343e-05
-8.185801470479628889e-07 6.697794323545865309e-08 2.446149263029901965e-05
-7.510547391381923968e-07 -6.360676690146240425e-08 2.462569802787032308e-05
-9.704728663261264264e-07 -1.636444211984138395e-07 2.478068292993556397e-05
-8.180928249315330225e-07 -3.331777353325856990e-07 2.491901109196873325e-05
-9.844617410136483259e-07 -3.785258061228344633e-07 2.503492583547213830e-05
-7.735535402578349416e-07 -5.708442654914510120e-07 2.512311459906562238e-05
-8.562055788438247721e-07 -5.621519522078162263e-07 2.517919780264818658e-05
-6.203585935511837767e-07 -7.524762690625901139e-07 2.520055993141425267e-05
-6.046067333159996895e-07 -7.001776700389529066e-07 2.518640888847047514e-05
-3.732466530359513264e-07 -8.593376863294223242e-07 2.513700760794247769e-05
-2.697086970288975176e-07 -7.805482207022685445e-07 2.505432956525697580e-05
-6.206272985034036036e-08 -8.843679473311544539e-07 2.494186291149534470e-05
9.533753839853241107e-08 -7.955382605683752309e-07 2.480447446792980763e-05
2.754004526740849556e-07 -8.296801640404059213e-07 2.464856754592730637e-05
4.378164769702397795e-07 -7.411899390380415454e-07 2.448017943004419307e-05
5.951707839146499296e-07 -7.053895125712294065e-07 2.430676327508219758e-05
7.112587769220184824e-07 -6.206223388143965218e-07 2.413600576001047394e-05
8.536880018886278414e-07 -5.296415951207998011e-07 2.397556471864658404e-05
8.844726592687272265e-07 -4.431655942893660116e-07 2.383277312399667479e-05
1.013205199253399230e-06 -3.218439772116199083e-07 2.371431955655006182e-05
9.422122903060568927e-07 -2.231858042028536189e-07 2.362574945444250425e-05
1.049086965264534618e-06 -1.011780533220628127e-07 2.357145106697517179e-05
8.857524755400340399e-07 1.997149003571539699e-08 2.355399574634778215e-05
9.521393325406936485e-07 1.150904522568688744e-07 2.357448773212511201e-05
7.269300210419922226e-07 2.646458385833424000e-07 2.363284663920207454e-05
7.327612692269649159e-07 3.128175235346606223e-07 2.372595254225120577e-05
4.877150377762743810e-07 4.867307263581374991e-07 2.384936925551729811e-05
4.178194785387788949e-07 4.783417125757908128e-07 2.399751552015049464e-05
1.954455926975829215e-07 6.631555127493231861e-07 2.416382519939118547e-05
5.102353399415478230e-08 6.002211397757083392e-07 2.434073858158541140e-05
-1.164043874221329931e-07 7.742629262668679199e-07 2.452017767315267525e-05
-3.143445956326735649e-07 6.689068650591705276e-07 2.469410575237955137e-05
-4.113727191490482322e-07 8.081257379028394137e-07 2.485554324691291670e-05
-6.242748760927771302e-07 6.777458899441711163e-07 2.499750913029687979e-05
-6.522611003485635988e-07 7.627590697923587638e-07 2.511389408091633288e-05
-8.330922613762909988e-07 6.238863951709894384e-07 2.519913894679310097e-05
-8.051782403827549014e-07 6.440452258755664597e-07 2.525061305510325474e-05
-9.122160743759909350e-07 5.081466085287634256e-07 2.526580546467308786e-05
-8.457366277313789577e-07 4.657866761237888391e-07 2.524381926053461799e-05
-8.567707886295223125e-07 3.352872293244802037e-07 2.518581810802044267e-05
-7.637149881781893047e-07 2.473570420329770336e-07 2.509453357371244255e-05
-6.823133445843320649e-07 1.175612949036448417e-07 2.497437524833317121e-05
-5.657558145311384293e-07 1.110390421804081141e-08 2.483079026298335608e-05
-4.213301185930060519e-07 -1.274234368609247994e-07 2.467065955431994509e-05
-2.771475386668571606e-07 -2.210061358651888872e-07 2.450126015018675723e-05
-1.153378524587902766e-07 -3.779910253883184672e-07 2.433045120143757017e-05
6.285516481612294354e-08 -4.308099456661508514e-07 2.416621964146352053e-05
1.932405278993676268e-07 -6.112815910926197765e-07 2.401634303335776688e-05
4.053773515172861115e-07 -6.046422292234455766e-07 2.388788646301541954e-05
4.657825006192633479e-07 -8.054257941843650018e-07 2.378700606478232073e-05
6.997415187327934997e-07 -7.331937392390874110e-07 2.371845462632002805e-05
6.711011436736078592e-07 -9.418666084655194942e-07 2.368554080448222841e-05
9.014879194031607659e-07 -8.104649697301428158e-07 2.368976315798405221e-05
7.866703299594010444e-07 -1.007089607861239123e-06 2.373094646502987948e-05
9.793714389349869851e-07 -8.326060881512662533e-07 2.380708619159497953e-05
7.989799080367414922e-07 -9.939570567877652074e-07 2.391464231393493822e-05
9.205249020339778078e-07 -7.973420270580914907e-07 2.404858650983623635e-05
7.043329400422866693e-07 -9.020824199992521548e-07 2.420345545685444682e-05
7.334112577815808134e-07 -7.030863834149016586e-07 2.437161153221007143e-05
5.096800917118327852e-07 -7.394321506646614746e-07 2.454550163270683531e-05
4.456936821950183562e-07 -5.536846314105530936e-07 2.471739133843675772e-05
2.340714402900537141e-07 -5.224755918532258679e-07 2.487990109174402723e-05
1.015917591265193923e-07 -3.557097639009337705e-07 2.502646207220055418e-05
-8.992760171091723236e-08 -2.716458884283674181e-07 2.515010222732440230e-05
-2.466016344315838232e-07 -1.217793389747790980e-07 2.524585773878822238e-05
-4.199727460238007554e-07 -1.233645038554645484e-08 2.530908233003996611e-05
-5.496492135021534299e-07 1.289340048394914916e-07 2.533681476213694173e-05
-7.107973105709241566e-07 2.310589547344542183e-07 2.532767246631426495e-05
-7.682151557515300158e-07 3.743175567254092412e-07 2.528176469013135994e-05
-9.174342773190299109e-07 4.381746922304485868e-07 2.520080603360943465e-05
-8.769224929149573469e-07 5.900667318436327346e-07 2.508795422670558517e-05
-1.005135429140653634e-06 5.937703336361190892e-07 2.494786571314038900e-05
-8.674661456282131723e-07 7.534656480884326473e-07 2.478637157695602893e-05
-9.567198414656724156e-07 6.888581690426069923e-07 2.461044543527282725e-05
-7.473912097842564925e-07 8.468971828798867496e-07 2.442776321494827699e-05
-7.766236099747270726e-07 7.203519719731942345e-07 2.424651724833828522e-05
-5.366278965502716183e-07 8.605522747809828566e-07 2.407496042153214950e-05
-4.904234427961705367e-07 6.898880426182400144e-07 2.392102289108750729e-05
-2.632211877745508177e-07 7.936612570569708881e-07 2.379195780921430269e-05
-1.400520613935045597e-07 6.023602177310670908e-07 2.369381814394083455e-05
4.044226528890316624e-08 6.541166779539670979e-07 2.363128603452861395e-05
2.237239414171581379e-07 4.647620292579885429e-07 2.360719206987914548e-05
3.402161837705758717e-07 4.570911215976071706e-07 2.362260346336366614e-05
5.494852252009089844e-07 2.866997329143998866e-07 2.367661512450249027e-05
6.017941315094807828e-07 2.240181675828399150e-07 2.376609581267427786e-05
7.928339666402005510e-07 7.863546748139909445e-08 2.388639670508489380e-05
7.927377969257725367e-07 -2.376578806285536143e-08 2.403138433713367645e-05
9.224220235457059561e-07 -1.462184469072349630e-07 2.419389715231517966e-05
8.852208818576454772e-07 -2.626111799310921088e-07 2.436599273946716765e-05
9.240359716683879851e-07 -3.705511975150682354e-07 2.453951207224190924e-05
8.606590240576075432e-07 -4.704482544685877319e-07 2.470631542351675006e-05
8.022918355202054488e-07 -5.738957130914813951e-07 2.485895763416198973e-05
7.145919403586709049e-07 -6.286191360074728053e-07 2.499078288133540867e-05
5.786268271708291464e-07 -7.341990967200814487e-07 2.509552895037868545e-05
4.609499678393146186e-07 -7.248299703430108721e-07 2.516856397317417492e-05
2.885236564765373674e-07 -8.325761904464071200e-07 2.520673028619889642e-05
1.326916511721643824e-07 -7.535313171753134378e-07 2.520831320654069285e-05
-2.611022554570818180e-08 -8.548494675366197579e-07 2.517325410643240629e-05
-2.224931474708064121e-07 -7.152722906422081191e-07 2.510296020769716847e-05
-3.229254589421174598e-07 -7.951969086408690791e-07 2.500045288969266825e-05
-5.498769583671144299e-07 -6.160303935890388222e-07 2.487006720288167103e-05
-5.646336083356502582e-07 -6.577490309689866851e-07 2.471746177395771582e-05
-7.979930039354717120e-07 -4.657499955616596924e-07 2.454930286819933266e-05
-7.227744897686711610e-07 -4.560139210858240261e-07 2.437341296371161946e-05
-9.280558591625456493e-07 -2.759507654173899919e-07 2.419759906388061684e-05
-7.789728559528451236e-07 -2.100247903965035430e-07 2.402959454210622405e-05
-9.217904179796175072e-07 -6.082183452021429120e-08 2.387741567832714254e-05
-7.279463356094081208e-07 5.361066465507097043e-08 2.374823906044692818e-05
-7.839176000768114064e-07 1.650792410045428158e-07 2.364856475884214419e-05
-5.737995878654317737e-07 3.097161741628706595e-07 2.358323311021380788e-05
-5.373870058008788744e-07 3.871225464252429510e-07 2.355550274528660137e-05
-3.330278701996405447e-07 5.352674705142925005e-07 2.356684729284466831e-05
-2.224970935357842622e-07 5.898169224848370285e-07 2.361686955048865655e-05
-3.241104938953708909e-08 7.118262499652652347e-07 2.370325471849729133e-05
1.146019891589982445e-07 7.569631392427483414e-07 2.382190943101120174e-05
2.921989460235431989e-07 8.262976033085614180e-07 2.396722153391688513e-05
4.270969855915941491e-07 8.721429091663254977e-07 2.413233763744118072e-05
5.975916336959330036e-07 8.713193203299035747e-07 2.430957888937974447e-05
6.736227738546794511e-07 9.205287915209175929e-07 2.449080965239629630e-05
8.379876728261312717e-07 8.454477562874633975e-07 2.466787011999264161e-05
8.232867685564026926e-07 8.917168737653231524e-07 2.483292935979996519e-05
9.727450986125646232e-07 7.530301674428859838e-07 2.497912017005779258e-05
8.598892147647985022e-07 7.827745109124013542e-07 2.510035274610774827e-05
9.752510232495233129e-07 6.034583577720480330e-07 2.519135098582380252e-05
7.810705281403413437e-07 6.003768342330933391e-07 2.524851433920583514e-05
8.373611825501795850e-07 4.102659420241849915e-07 2.526982361184395236e-05
5.987618370078287444e-07 3.612602758069902971e-07 2.525474826009881565e-05
5.760094531183111883e-07 1.895632861329155564e-07 2.520438741799702387e-05
3.372795863080377657e-07 9.024549964677108698e-08 2.512128101402164878e-05
2.298567610349717121e-07 -4.128945384180017836e-08 2.500939881862579932e-05
2.979908360414391798e-08 -1.831740009069638068e-07 2.487396605881592450e-05
-1.468926553090041139e-07 -2.641605537109923606e-07 2.472112425551089887e-05
-2.860181794758464087e-07 -4.296064647468136282e-07 2.455781180068345753e-05
-4.987226630506652031e-07 -4.630232168357488727e-07 2.439144909120540320e-05
-5.732086567669337306e-07 -6.256338953723648078e-07 2.422962476131922512e-05
-7.763223391421399838e-07 -6.230905779366649463e-07 2.407976281955372677e-05
-7.968340895162824951e-07 -7.545873966409377209e-07 2.394877725883758898e-05
-9.448338641488332824e-07 -7.312118884979149911e-07 2.384275941935597924e-05
-9.279159534506538183e-07 -8.077978557146698301e-07 2.376663170510305822e-05
-9.878263944626728155e-07 -7.765792675312805291e-07 2.372413175382341924e-05
-9.469214675670476220e-07 -7.855788614508947176e-07 2.371733958788005669e-05
-9.074241651642035600e-07 -7.527768867122339285e-07 2.374670436225442111e-05
-8.463305718340577679e-07 -6.945371054867255706e-07 2.381096923083953241e-05
-7.208532219785897476e-07 -6.572563886370982902e-07 2.390725495252086667e-05
-6.332793188596634571e-07 -5.455747148861351461e-07 2.403118563925444752e-05
-4.565911909019854966e-07 -4.934278027717389836e-07 2.417710410810928188e-05
-3.307629582820821034e-07 -3.522907954354693910e-07 2.433891461494608910e-05
-1.493308261117156317e-07 -2.708647429315341462e-07 2.450887735750579557e-05
2.236812074955061937e-08 -1.303766194475085737e-07 2.467904989457508656e-05
1.615443848046823029e-07 -9.328819351477119425e-09 2.484195025579553757e-05
3.751038336398816149e-07 1.018229941314546721e-07 2.499006792942122255e-05
4.379490879057429160e-07 2.653332559023662310e-07 2.511654500563272396e-05
6.732249472358293659e-07 3.269206069245999296e-07 2.521560895394913028e-05
6.462306659502422316e-07 5.245195387638215482e-07 2.528265969619411508e-05
8.695495811117065625e-07 5.280746254466447463e-07 2.531450135325730212e-05
7.607508649245733511e-07 7.399012356347739366e-07 2.530942692330012222e-05
9.335064520536575717e-07 6.897949986386432642e-07 2.526734702743601012e-05
7.665710775741206295e-07 8.885085166217811812e-07 2.518977027441947629e-05
8.574283289762387098e-07 7.990994352350711947e-07 2.507977548416805261e-05
6.614583842337565918e-07 9.564025271266907404e-07 2.494192614675265631e-05
6.575428338088386470e-07 8.465769411909669350e-07 2.478212248051452814e-05
4.569947446106690598e-07 9.410754329751025355e-07 2.460789730838932121e-05
3.697443628076895589e-07 8.282988131309108554e-07 2.442622442115155324e-05
1.773178889204223872e-07 8.492499574098838099e-07 2.424526496338928855e-05
4.016148887081205538e-08 7.428665344448748935e-07 2.407318108139913765e-05
-1.427836051586539956e-07 6.944566930925503212e-07 2.391788463931676493e-05
-2.827743349883352833e-07 5.952736149413217333e-07 2.378650500839854550e-05
-4.612897223890474943e-07 4.950800831705274193e-07 2.368513127780867621e-05
-5.563480197281407452e-07 3.956139385480491880e-07 2.361837173961314510e-05
-7.338749511780998536e-07 2.711167638222547112e-07 2.358951714723579840e-05
-7.482673645188866491e-07 1.606909049789702818e-07 2.359957290113475449e-05
-9.196049935270291500e-07 4.143706149361527127e-08 2.364798781227330602e-05
-8.383035035369889089e-07 -9.223060425638668887e-08 2.373165993973472631e-05
-9.864336922183481779e-07 -1.791296526494871539e-07 2.384639134493714372e-05
-8.181560439478536457e-07 -3.406855165530336367e-07 2.398640821440464537e-05
-9.178773027926303151e-07 -3.759733643615109864e-07 2.414500628088019426e-05
-6.914735691834729612e-07 -5.604609285861426788e-07 2.431459334576213229e-05
-7.178109524005914797e-07 -5.362624482456925986e-07 2.448731004692123343e-05
-4.730730667549699866e-07 -7.284385819355388551e-07 2.465522372217252890e-05
-4.116133187645428272e-07 -6.483328066308390078e-07 2.481076510260720356e-05
-1.872207595423282817e-07 -8.247394215356747294e-07 2.494696803662575815e-05
-4.396859866751124164e-08 -7.032180912744686156e-07 2.505779200867528500e-05
1.316249364382815501e-07 -8.401588246680147006e-07 2.513841305250079814e-05
3.285012599592079270e-07 -6.958429190789306758e-07 2.518520981640716525e-05
4.440167948425229123e-07 -7.738856397537037994e-07 2.519607549399736942e-05
6.494027092820146020e-07 -6.240099222382925718e-07 2.517041478917728377e-05
7.089880783739266789e-07 -6.352834792716492652e-07 2.510928509292211565e-05
8.730144483891782297e-07 -4.915770229120530580e-07 2.501521313673495610e-05
8.902761092724146060e-07 -4.419993693228033576e-07 2.489210559301142429e-05
9.721903574550528306e-07 -3.075461644610355656e-07 2.474539206274292547e-05
9.593109592884747685e-07 -2.166365472959307139e-07 2.458154116744139562e-05
9.400322102937655883e-07 -8.639478209671691227e-08 2.440794696304444966e-05
9.035282769892160942e-07 1.775323907309269678e-08 2.423255080705350944e-05
7.908009636111396843e-07 1.532508104014446737e-07 2.406354837301026277e-05
7.258566273248672144e-07 2.399043981102166053e-07 2.390901026368311998e-05
5.509912902902800507e-07 3.895547069458808076e-07 2.377644789755058868e-05
4.473184114815700647e-07 4.327849096030785725e-07 2.367243229343203494e-05
2.562697399853711200e-07 6.003081897153321901e-07 2.360223939722698580e-05
1.045329149459345717e-07 5.840771641644176801e-07 2.356947978514509258e-05
-5.549847099995625834e-08 7.646938814376681674e-07 2.357600736256662725e-05
-2.554188900518354422e-07 6.853643677625751364e-07 2.362162249653085376e-05
-3.480270586606582187e-07 8.652457811244180662e-07 2.370432284150298039e-05
-5.813740888850390808e-07 7.310794683626133571e-07 2.382016919276912144e-05
-5.886799478125216164e-07 8.898208244737915660e-07 2.396378081558609129e-05
-8.255774005607176561e-07 7.178628500090476477e-07 2.412842758720590047e-05
-7.499522540770879781e-07 8.335465033971743477e-07 2.430656388987782610e-05
-9.515773710361707361e-07 6.447071819423577691e-07 2.449013666075607341e-05
-8.113909852783252736e-07 7.002929538688802011e-07 2.467099604392121009e-05
-9.407836218817563652e-07 5.135434527473460698e-07 2.484185435797577225e-05
-7.617352308139592209e-07 5.023613044126203198e-07 2.499484739051984627e-05
-7.969823361008508501e-07 3.307315719627437148e-07 2.512362765248585581e-05
-6.025625234859887110e-07 2.612393344379475276e-07 2.522330164651478238e-05
-5.441522392472357696e-07 1.089660800840343870e-07 2.528954595421165015e-05
-3.503280590759547027e-07 2.114913473904282606e-09 2.531980507348921691e-05
-2.256521995563194294e-07 -1.360570524571367088e-07 2.531341936661414454e-05
-3.659231659459100580e-08 -2.491163590591975684e-07 2.527134805708473625e-05
1.095955756874221393e-07 -3.822591306205199295e-07 2.519503412718797523e-05
2.970529514156397429e-07 -4.690646028847935807e-07 2.508755488539603944e-05
4.130623992958058632e-07 -6.083207068620941497e-07 2.495364697185607975e-05
6.016002745136201610e-07 -6.416884148822323954e-07 2.479973800376916756e-05
6.455303585922020385e-07 -7.915490178396218308e-07 2.463204726249331404e-05
8.303845140361933650e-07 -7.563879959065085749e-07 2.445788321673117256e-05
7.799109546689406371e-07 -9.147735271752243435e-07 2.428508004306843468e-05
9.462233006213662889e-07 -8.099701244227252581e-07 2.412150677555431266e-05
8.049247988743713308e-07 -9.655217404441423527e-07 2.397477433789926265e-05
9.301986125645077007e-07 -8.027857652630914979e-07 2.385181192012580652e-05
7.232704291464243738e-07 -9.382966954263379997e-07 2.375923139670211689e-05
7.831851299641442780e-07 -7.392342742809585805e-07 2.370116147933581542e-05
5.469790249641620908e-07 -8.367811506043155457e-07 2.368047156997448620e-05
5.238472401838243766e-07 -6.263158395667027411e-07 2.369830952467976088e-05
2.960285074303458571e-07 -6.715519248949562112e-07 2.375404947791314020e-05
1.892131984833852572e-07 -4.714794717004400494e-07 2.384507276211242569e-05
-1.737567647524207175e-09 -4.584940981783417423e-07 2.396712349266501713e-05
-1.720976101211310832e-07 -2.834642826271786573e-07 2.411432379130185554e-05
-3.124092983596575720e-07 -2.178336972694318661e-07 2.427965985371836332e-05
-5.074199230717072273e-07 -7.328584144578363725e-08 2.445523079706348669e-05
-5.975642562049721716e-07 2.768579188315089545e-08 2.463272050654259250e-05
-7.683934144075761177e-07 1.449259252037894859e-07 2.480379635941508387e-05
-8.175850095168148811e-07 2.551338566754478889e-07 2.496047225844686502e-05
-9.188879075907291113e-07 3.538552837948916194e-07 2.509552596000148977e-05
-9.370887338017714161e-07 4.440348571675975151e-07 2.520273861093845003e-05
-9.406322645822795447e-07 5.341862011274781716e-07 2.527772520961441536e-05
-9.314833892342202654e-07 5.790360281556770522e-07 2.531703248051306575e-05
-8.354641713337570615e-07 6.676237532256103495e-07 2.531877166265930892e-05
-7.937799860578644803e-07 6.517972381619324630e-07 2.528222772841832644e-05
-6.234777461517436211e-07 7.378442712341350768e-07 2.520912659186330633e-05
-5.379969068410017283e-07 6.591187452826971293e-07 2.510242190050501187e-05
-3.380665665260854332e-07 7.346786827974136464e-07 2.496648211489829440e-05
-1.978461215937191938e-07 6.040626999859352009e-07 2.480711801064204499e-05
-1.855720090246068847e-08 6.556585776578727115e-07 2.463126760656293173e-05
1.778337278897681071e-07 4.944373602292965614e-07 2.444659964348455149e-05
2.946773935801868723e-07 5.086411220185732893e-07 2.426159622029386642e-05
5.337585352466319755e-07 3.423612495238876355e-07 2.408414457779554157e-05
5.653536706013498650e-07 3.085170475681815955e-07 2.392245352358044472e-05
8.187355885410795854e-07 1.588424751182067728e-07 2.378418044613913836e-05
7.643431742224736799e-07 7.524717678817784421e-08 2.367482830082330296e-05
9.929095987785396787e-07 -4.355794726144250115e-08 2.359935448633348451e-05
8.694173842099617319e-07 -1.682267352049095848e-07 2.356100023642988429e-05
1.034740865175433574e-06 -2.518185208579824023e-07 2.356123192206463222e-05
8.685821411642652554e-07 -3.982318778756898909e-07 2.360014627977174385e-05
9.435261724496429035e-07 -4.507234140848116074e-07 2.367552811546373378e-05
7.585080024471195089e-07 -5.927097545838087496e-07 2.378332910962677752e-05
7.353794422169664823e-07 -6.257661908786230088e-07 2.391835708792412423e-05
5.469464424386596441e-07 -7.355130326666132753e-07 2.407411733901964178e-05
4.430411197900099065e-07 -7.606417861535069678e-07 2.424354681147824976e-05
2.559502045374710564e-07 -8.134633574494410628e-07 2.441914446874285093e-05
1.100775277083010930e-07 -8.375020340915855384e-07 2.459244346267249896e-05
-7.913140986476646576e-08 -8.208784698115410831e-07 2.475586873589636012e-05
-2.167475269132230705e-07 -8.461151823704312793e-07 2.490190831671249157e-05
-4.124844348083434359e-07 -7.607545354425217944e-07 2.502425993901130440e-05
-4.934434454708071235e-07 -7.788828506157695655e-07 2.511773138975646090e-05
-6.924428720321474556e-07 -6.392924000155119524e-07 2.517809571412753001e-05
-6.855857945953149545e-07 -6.373088971499657040e-07 2.520280110453307945e-05
-8.747712870196611177e-07 -4.690025218243245404e-07 2.519086516778649724e-05
-7.722743014702675611e-07 -4.325140183555658661e-07 2.514285990767544505e-05
-9.276167783361320047e-07 -2.650867903338390334e-07 2.506100708130836491e-05
-7.462043601769178510e-07 -1.841272349154048314e-07 2.494897275340869939e-05
-8.395885318330424851e-07 -4.406474683830296540e-08 2.481235979558027747e-05
-6.128543276438556950e-07 8.223913129039141367e-08 2.465681300888361349e-05
-6.238337205900399644e-07 1.774497969802780246e-07 2.448946535066142240e-05
-3.917468116710329176e-07 3.389556567654997038e-07 2.431801645830160315e-05
-3.154560768344935247e-07 3.841780758915512998e-07 2.415071946694605953e-05
-1.103610934969167733e-07 5.606909533199817201e-07 2.399523698160605084e-05
3.708993445631586779e-08 5.620054821353330583e-07 2.385898374705815324e-05
1.975082042315635311e-07 7.276702679670687054e-07 2.374853975026592273e-05
3.811643057679506747e-07 6.991735388836034387e-07 2.366921384390189255e-05
4.949067156829944533e-07 8.277139067776683332e-07 2.362490657538430857e-05
6.684215324662466367e-07 7.852363150031587271e-07 2.361775549862719781e-05
7.440093627919101258e-07 8.558382796450844868e-07 2.364817899266111772e-05
8.614574398931121883e-07 8.115771858554851959e-07 2.371474949376398475e-05
9.093936886401270479e-07 8.136335595768104914e-07 2.381439586728162548e-05
9.376751643812335913e-07 7.722881039131832985e-07 2.394251167967965374e-05
9.624271033662520130e-07 7.081099057292613593e-07 2.409328020900676259e-05
8.907865336913272955e-07 6.657762237210092484e-07 2.425992170109083948e-05
8.867548493332366680e-07 5.505652727197777756e-07 2.443508918039907383e-05
7.303599724490748335e-07 4.966500118551021840e-07 2.461114422924998819e-05
6.836350446663913865e-07 3.554797201883411053e-07 2.478055511045056686e-05
4.796690639681805183e-07 2.770606294807428924e-07 2.493614213166884394e-05
3.750299305115289157e-07 1.393489784525752480e-07 2.507140839391587095e-05
1.721464206810046957e-07 2.667360576163786581e-08 2.518074370082289237e-05
2.496206910381626076e-09 -8.053155475832835444e-08 2.525964538362313709e-05
-1.528809851896689173e-07 -2.290732187381651517e-07 2.530482841636919129e-05
-3.783958959049814741e-07 -2.870373756324524116e-07 2.531437439052902448e-05
-4.550232770255879486e-07 -4.625184598834344101e-07 2.528797649526216341e-05
-7.094738807956033886e-07 -4.646540111696186254e-07 2.522692143800456030e-05
-6.970412968950049126e-07 -6.479501404339956015e-07 2.513411161756695869e-05
-9.393591229868772465e-07 -5.996535460578522427e-07 2.501287241598720360e-05
-8.490331248378086821e-07 -7.661433645939030045e-07 2.486852984725320309e-05
-1.035773744240531885e-06 -6.811107237816334982e-07 2.470778230791009485e-05
-8.926037428237069906e-07 -8.060457892445841177e-07 2.453712465301967959e-05
-9.918329719820875188e-07 -7.024094133511791082e-07 2.436426226341655623e-05
-8.218494291837740258e-07 -7.685865941560704875e-07 2.419710226671136741e-05
-8.213137219376829282e-07 -6.607950070696268306e-07 2.404354810553860683e-05
-6.434120808521859154e-07 -6.618327978782451842e-07 2.391092841628526016e-05
-5.558831980347995866e-07 -5.571278628519451957e-07 2.380575126534944315e-05
-3.770268512414193658e-07 -4.998762727739988842e-07 2.373383648698449802e-05
-2.370544528717361849e-07 -3.969825492014154687e-07 2.369824185437360416e-05
-5.431025765481511249e-08 -2.998643519664472753e-07 2.370094711584130729e-05
9.078569696612032570e-08 -1.901184771352892855e-07 2.374216510318373290e-05
2.839431242799785781e-07 -7.967473260752007221e-08 2.381926465301053916e-05
3.862017875180008560e-07 4.863562831600794185e-08 2.392833615527819278e-05
5.909442364843713274e-07 1.435373664975165022e-07 2.406390253909668469e-05
6.145065801313923297e-07 2.994226538588184106e-07 2.421918730534463159e-05
8.207636217350270327e-07 3.533008732357260507e-07 2.438657088411422266e-05
7.504248272798773733e-07 5.382627789068101493e-07 2.455790133796064383e-05
9.356886560942574339e-07 5.345124849573977380e-07 2.472501833745474863e-05
7.796216784316831298e-07 7.397290094541283227e-07 2.488003074112051441e-05
9.142606593629395266e-07 6.739332842116353656e-07 2.501575865506626244e-05
6.998194595799740721e-07 8.807351420842091474e-07 2.512597821786221997e-05
7.571302696695775601e-07 7.608582903021939223e-07 2.520566064074170385e-05
5.211493770786374217e-07 9.446232358288733348e-07 2.525122278283247119e-05
4.885187859606776863e-07 7.881052542689211256e-07 2.526124220871205176e-05
2.657625958982295861e-07 9.248816403721766692e-07 2.523471007170733412e-05
1.517672074845316398e-07 7.523321205763871022e-07 2.517234900968997924e-05
-3.480612371966875571e-08 8.246976804418034596e-07 2.507678735656591337e-05
-1.995314070250059569e-07 6.544850516638814750e-07 2.495194075019149777e-05
-3.416891358577476195e-07 6.577416651313554510e-07 2.480322428729147386e-05
-5.108240883862033723e-07 5.015275706519634214e-07 2.463703658589107677e-05
-6.131088792901792194e-07 4.453806021344984510e-07 2.446080474146074507e-05
-7.395581465004924829e-07 3.043788112981306675e-07 2.428184087968657349e-05
-8.118295671962743705e-07 2.100246152821686539e-07 2.410809081966809077e-05
-8.585280977563628127e-07 7.797743104737722531e-08 2.394734560952758209e-05
-9.069475001727440999e-07 -2.557338036109629183e-08 2.380694627912031397e-05
-8.583226412702120570e-07 -1.589095899032374772e-07 2.369334528182585802e-05
-8.803475200950057253e-07 -2.418588839202840863e-07 2.361186226917004469e-05
-7.457894073410577395e-07 -3.856114532642057227e-07 2.356629952946669428e-05
-7.297917117257410965e-07 -4.236871719540104149e-07 2.355881919972154369e-05
-5.398405141631433172e-07 -5.805871275000673875e-07 2.358977316838653664e-05
-4.696354003527580458e-07 -5.592226289266253557e-07 2.365759628549999111e-05
-2.679164038237873533e-07 -7.239634739464321884e-07 2.375902868104945236e-05
-1.332338887209457448e-07 -6.419809362628723764e-07 2.388914850627518331e-05
3.634248651085826095e-08 -8.005955160419870483e-07 2.404179485764227991e-05
2.330695851669145774e-07 -6.672743487224174222e-07 2.420968897514155782e-05
3.377286613518673933e-07 -7.993018010123593611e-07 2.438503012238635046e-05
5.756790481837416343e-07 -6.328446596843209956e-07 2.455970824206923618e-05
5.997301765081265293e-07 -7.192736889126259005e-07 2.472580308909421310e-05
8.415047780095199942e-07 -5.408139992606135464e-07 2.487587532957768907e-05
7.887075818265931285e-07 -5.683978081999239395e-07 2.500352797993504511e-05
9.894783377270010658e-07 -3.962708372686422229e-07 2.510301431354908125e-05
8.779000574993586271e-07 -3.630558521266035904e-07 2.517005549522006406e-05
9.987867558255447736e-07 -2.084834820671038323e-07 2.520234921244947834e-05
8.512784484121688444e-07 -1.260820348553043774e-07 2.519827997160608774e-05
8.718673583963016585e-07 8.868507540320027303e-09 2.515824695389959592e-05
7.072517323071048377e-07 1.173162396668930440e-07 2.508415219254542030e-05
6.332302803045779829e-07 2.384176751403344303e-07 2.497950332257838486e-05
4.603629594181328525e-07 3.429701422060011579e-07 2.484907276836340607e-05
3.228213698663073585e-07 4.601171614694303628e-07 2.469886684766691275e-05
1.408875573338409020e-07 5.316493136286982098e-07 2.453635961786230048e-05
-1.233106003941879476e-08 6.547513090224491725e-07 2.436857401685599763e-05
-2.087964391210344073e-07 6.704418111904250950e-07 2.420324583306721240e-05
-3.271080528784390198e-07 8.030338433936829432e-07 2.404800366612665127e-05
-5.403654170936194404e-07 7.517180674350964065e-07 2.391017689253066258e-05
-5.838116497809126397e-07 8.889709735197517328e-07 2.379637470948968095e-05
-8.059139078948004500e-07 7.733990302387092953e-07 2.371234574237607000e-05
-7.550674166707912728e-07 9.042030850671470853e-07 2.366220983004965528e-05
-9.661667612611040255e-07 7.382565765554192119e-07 2.364826642593264075e-05
-8.255470239801497646e-07 8.443417463616825751e-07 2.367137211658430209e-05
-9.967534711396433536e-07 6.494615975162350456e-07 2.373141217423867930e-05
-7.896432736444461547e-07 7.132242812203966972e-07 2.382521482277999702e-05
-8.920188370817174303e-07 5.128904093727024743e-07 2.394852144910941178e-05
-6.530903572099891075e-07 5.213592149144492116e-07 2.409581391808168411e-05
-6.676285049521680825e-07 3.358826493473507827e-07 2.426060568655745943e-05
-4.307832541802952461e-07 2.862521983859096846e-07 2.443557349039505750e-05
-3.573118358458815125e-07 1.284362727838690983e-07 2.461304989744223984e-05
-1.473741216155483939e-07 3.048855232681980651e-08 2.478524642743519394e-05
-8.324221503270685467e-09 -9.629381787616365417e-08 2.494467228168798805e-05
1.632801031061433067e-07 -2.208952130719085167e-07 2.508439901731457030e-05
3.266338295032103892e-07 -3.218277557440740010e-07 2.519836609289360476e-05
4.605213577564110590e-07 -4.437211755638196259e-07 2.528162025368022506e-05
5.987121875282608174e-07 -5.291260691451212631e-07 2.533050871226469889e-05
7.015359755948581410e-07 -6.179462319320901272e-07 2.534283882690280739e-05
7.711545668790559406e-07 -6.983941142512012691e-07 2.531796591712684279e-05
8.478953314718549163e-07 -7.301051483949573214e-07 2.525684169439045847e-05
8.245255348099271714e-07 -8.116981183804372759e-07 2.516199746333664693e-05
8.727501747475458826e-07 -7.743846649441136243e-07 2.503746052992924243e-05
7.580251147566185625e-07 -8.558375354535551448e-07 2.488866172611419752e-05
7.677934897885427534e-07 -7.521165336317325353e-07 2.472254697331060282e-05
5.885362550759326609e-07 -8.244321317992971141e-07 2.454636642019110662e-05
5.442573944953928846e-07 -6.700757543141439584e-07 2.436864348791376963e-05
3.416321076171806995e-07 -7.195185713261651552e-07 2.419688299980206757e-05
2.316043755235263396e-07 -5.393239634608872138e-07 2.403906827533267829e-05
5.022172628021178347e-08 -5.523196193422546799e-07 2.390269065618415582e-05
-1.254945875467232495e-07 -3.725909140138279287e-07 2.379416199439523993e-05
-2.504307778853687181e-07 -3.399351143456271052e-07 2.371862319314088272e-05
-4.751542161110074367e-07 -1.822629691272748421e-07 2.367958185171950680e-05
-5.257636516620387017e-07 -1.027135405480807432e-07 2.367849455788269305e-05
-7.668935211737479717e-07 1.905978022106266473e-08 2.371525642393341652e-05
-7.438888439623638527e-07 1.352591191968810712e-07 2.378766096050963257e-05
-9.587473330305949285e-07 2.177543766073447714e-07 2.389190878416899027e-05
-8.767064150701154672e-07 3.511757156700119213e-07 2.402254209266570329e-05
-1.023745505312578284e-06 3.997964134325270824e-07 2.417311491302935567e-05
-9.027481565288174275e-07 5.249453401410536264e-07 2.433618520541332121e-05
-9.539618165970998589e-07 5.501907153012084414e-07 2.450404525911124200e-05
-8.109557808189425241e-07 6.413040121296599393e-07 2.466903633363524848e-05
-7.618686463390556858e-07 6.545532092695719829e-07 2.482377093204265683e-05
-6.049405984796966895e-07 6.917043501623692116e-07 2.496084446153296602e-05
-4.773526670293878174e-07 6.992287777871854165e-07 2.507417616669789558e-05
-3.048515097969470963e-07 6.732176260902851956e-07 2.515873431496773425e-05
-1.423495990270019301e-07 6.749799063449456473e-07 2.521079520118486234e-05
5.199385168652795714e-08 5.905811158298558666e-07 2.522799611285507721e-05
1.962773857920507398e-07 5.794941975584160401e-07 2.520946678940986518e-05
4.157498560095697858e-07 4.541179180258951842e-07 2.515581545081313185e-05
4.943326127720417378e-07 4.186441256038897872e-07 2.506911855371691609e-05
7.321675351458919252e-07 2.781344772376204332e-07 2.495299888124522225e-05
7.162460421201737129e-07 2.076047128701276175e-07 2.481196516438651642e-05
9.524862483589180051e-07 7.902246010278415814e-08 2.465231486918259394e-05
8.389383130456248888e-07 -3.294821827629498232e-08 2.448110770886839990e-05
1.044486818033143925e-06 -1.276734288714494911e-07 2.430559956272017595e-05
8.529216048191717427e-07 -2.788413785561266780e-07 2.413332335402819566e-05
9.957712392936373352e-07 -3.281360435424225003e-07 2.397186944205276156e-05
7.591665555884117506e-07 -5.066760100447264764e-07 2.382850691655919411e-05
8.155416256213856739e-07 -5.099461498503403895e-07 2.370998765034694288e-05
5.701652869486134023e-07 -6.952584848247622274e-07 2.362184590447381690e-05
5.342557635079032463e-07 -6.615352116670643584e-07 2.356833191705400745e-05
3.080575559055855210e-07 -8.283287089498301676e-07 2.355204314587660552e-05
1.958219403960931588e-07 -7.722210663066989484e-07 2.357376814264013179e-05
2.796965487482710393e-09 -8.956748737677615367e-07 2.363253046931802507e-05
-1.501253315429471255e-07 -8.320484853696065847e-07 2.372546870423855844e-05
-3.091985915683027933e-07 -8.933078418446507200e-07 2.384820919322278872e-05
-4.555151555946123571e-07 -8.324147009862340539e-07 2.399495096991481182e-05
-5.864587340786734114e-07 -8.233645697209924723e-07 2.415889540770767063e-05
-6.795563890184251987e-07 -7.678590593184581527e-07 2.433238076652471496e-05
-7.887768634256894330e-07 -6.934412389122468462e-07 2.450757321619236121e-05
-7.965728312068949353e-07 -6.375983995071170979e-07 2.467665497504769413e-05
-8.822904921829596783e-07 -5.157574344631542969e-07 2.483227162157557551e-05
-7.954163746263288121e-07 -4.481945783780117216e-07 2.496774673919650240e-05
-8.462787361630697233e-07 -3.061396277050855618e-07 2.507744468771672098e-05
-6.810352670901027583e-07 -2.142327971697123566e-07 2.515686808957656880e-05
-6.796611899487363631e-07 -8.224723567690735987e-08 2.520292729063771864e-05
-4.725996259559912418e-07 4.252609478504729119e-08 2.521392477403594764e-05
-4.035656419547547562e-07 1.381295161195994090e-07 2.518969864441914763e-05
-1.999361507692718147e-07 2.958131407773341082e-07 2.513154241050517994e-05
-5.890511629180207044e-08 3.385145463544668821e-07 2.504218540130479762e-05
1.010981390107356639e-07 5.192919881706145626e-07 2.492613934797527182e-05
3.015919407454888763e-07 5.058276560882157726e-07 2.478836501623779334e-05
3.926780029351216190e-07 6.904742658856082317e-07 2.463481875450377207e-05
6.216389231070874744e-07 6.279558552482558460e-07 2.447238638404710122e-05
6.383808468141257979e-07 7.921495023140751609e-07 2.430845335479417751e-05
8.537633285587175883e-07 6.964130371893823584e-07 2.415055259961577279e-05
8.075217926087830763e-07 8.172878369885221975e-07 2.400605852334911395e-05
9.668725957305403124e-07 7.061941348892227189e-07 2.388187023135722101e-05
8.776213590712178415e-07 7.681636903287142261e-07 2.378465893720483704e-05
9.504329099862444917e-07 6.567656053825652523e-07 2.371938808176356095e-05
8.359482666817468300e-07 6.552350750191052100e-07 2.368879793834630183e-05
8.113527438621622992e-07 5.494864081656647408e-07 2.369512236805224433e-05
6.809373613307782416e-07 4.916090271948491401e-07 2.373809713647902464e-05
5.737812157796807588e-07 3.891454083296297859e-07 2.381609265676636763e-05
4.270943803915126057e-07 2.933348220562368620e-07 2.392570872964069499e-05
2.728609760998786473e-07 1.857023279201310428e-07 2.406206516529143453e-05
1.013806823849891247e-07 7.831859162588548261e-08 2.421896178134465418e-05
-5.219126019030562935e-08 -4.513458229460640954e-08 2.438922673645207566e-05
-2.552167887072118159e-07 -1.356696356951767971e-07 2.456506210604224582e-05
-3.604038313639947254e-07 -2.826190962158498578e-07 2.473842275298479578e-05
-5.921735457047275837e-07 -3.320664230624710915e-07 2.490189261192579087e-05
-6.141007968259038184e-07 -5.029597776688736325e-07 2.504773152581279399e-05
-8.575882250009329125e-07 -4.961365851022285596e-07 2.516921082113105941e-05
-7.832202072367321608e-07 -6.812513023802821125e-07 2.526081134082961254e-05
-1.008265860129221208e-06 -6.152949351295140979e-07 2.531849641474398106e-05
-8.477613829373197239e-07 -7.957089890725773380e-07 2.534039609392649883e-05
