0.000000000000000000e+00
9.999999999999803671e-08
2.000000000000030085e-07
3.000000000000105214e-07
4.000000000000180343e-07
5.000000000000254942e-07
6.000000000000330071e-07
7.000000000000405200e-07
8.000000000000480329e-07
9.000000000000555458e-07
1.000000000000063059e-06
1.100000000000070572e-06
1.200000000000078084e-06
1.300000000000085597e-06
1.400000000000093110e-06
1.500000000000100623e-06
1.600000000000108136e-06
1.700000000000115649e-06
1.800000000000123162e-06
1.900000000000130675e-06
1.999999999999941888e-06
2.099999999999737642e-06
2.199999999999533397e-06
2.299999999999329152e-06
2.399999999999124906e-06
2.499999999998920661e-06
2.599999999998716416e-06
2.699999999998512170e-06
2.799999999998307925e-06
2.899999999998103680e-06
2.999999999997899434e-06
3.099999999997695189e-06
3.199999999997490944e-06
3.299999999997286698e-06
3.399999999997082453e-06
3.499999999996878208e-06
3.599999999996673962e-06
3.699999999996469717e-06
3.799999999996265472e-06
3.899999999996422909e-06
3.999999999996642180e-06
4.099999999996861452e-06
4.199999999997080723e-06
4.299999999997299994e-06
4.399999999997519265e-06
4.499999999997738536e-06
4.599999999997957807e-06
4.699999999998177078e-06
4.799999999998396349e-06
4.899999999998615621e-06
4.999999999998834892e-06
5.099999999999054163e-06
5.199999999999273434e-06
5.299999999999492705e-06
5.399999999999711976e-06
5.499999999999931247e-06
5.600000000000150518e-06
5.700000000000369790e-06
5.800000000000589061e-06
5.900000000000808332e-06
6.000000000001027603e-06
6.100000000001246874e-06
6.200000000001466145e-06
6.300000000001685416e-06
6.400000000001904687e-06
6.500000000002123959e-06
6.600000000002343230e-06
6.700000000002562501e-06
6.800000000002781772e-06
6.900000000003001043e-06
7.000000000003220314e-06
7.100000000003439585e-06
7.200000000003658857e-06
7.300000000003878128e-06
7.400000000004097399e-06
7.500000000004316670e-06
7.600000000004535941e-06
7.700000000004754365e-06
7.800000000004973636e-06
7.900000000005192907e-06
8.000000000005412179e-06
8.100000000005631450e-06
8.200000000005850721e-06
8.300000000006069992e-06
8.400000000006289263e-06
8.500000000006508534e-06
8.600000000006727805e-06
8.700000000006947076e-06
8.800000000007166348e-06
8.900000000007385619e-06
9.000000000007604890e-06
9.100000000007824161e-06
9.200000000008043432e-06
9.300000000008262703e-06
9.400000000008481974e-06
9.500000000008701245e-06
9.600000000008920517e-06
9.700000000009139788e-06
9.800000000009359059e-06
9.900000000009578330e-06
1.000000000000979760e-05
1.010000000001001687e-05
1.020000000001023614e-05
1.030000000001045541e-05
1.040000000001067469e-05
1.050000000001089396e-05
1.060000000001111323e-05
1.070000000001133250e-05
1.080000000001155177e-05
1.090000000001177104e-05
1.100000000001199031e-05
1.110000000001220958e-05
1.120000000001242885e-05
1.130000000001264813e-05
1.140000000001286740e-05
1.150000000001308667e-05
1.160000000001330594e-05
1.170000000001352521e-05
1.180000000001374448e-05
1.190000000001396375e-05
1.200000000001418302e-05
1.210000000001440229e-05
1.220000000001462157e-05
1.230000000001484084e-05
1.240000000001506011e-05
1.250000000001527938e-05
1.260000000001549865e-05
1.270000000001571792e-05
1.280000000001593719e-05
1.290000000001615646e-05
1.300000000001637573e-05
1.310000000001659501e-05
1.320000000001681428e-05
1.330000000001703355e-05
1.340000000001725282e-05
1.350000000001747209e-05
1.360000000001769136e-05
1.370000000001791063e-05
1.380000000001812990e-05
1.390000000001834918e-05
1.400000000001856845e-05
1.410000000001878772e-05
1.420000000001900699e-05
1.430000000001922626e-05
1.440000000001944553e-05
1.450000000001966480e-05
1.460000000001988407e-05
1.470000000002010334e-05
1.480000000002032262e-05
1.490000000002054189e-05
1.500000000002076116e-05
1.510000000002098043e-05
1.520000000002119970e-05
1.530000000002141897e-05
1.540000000002163824e-05
1.550000000002185751e-05
1.560000000002207678e-05
1.570000000002229606e-05
1.580000000002251533e-05
1.590000000002273460e-05
1.600000000002295387e-05
1.610000000002317314e-05
1.620000000002339241e-05
1.630000000002361168e-05
1.640000000002383095e-05
1.650000000002405022e-05
1.660000000002426950e-05
1.670000000002448877e-05
1.680000000002470804e-05
1.690000000002492731e-05
1.700000000002514658e-05
1.710000000002536585e-05
1.720000000002558512e-05
1.730000000002580439e-05
1.740000000002602366e-05
1.750000000002624294e-05
1.760000000002646221e-05
1.770000000002668148e-05
1.780000000002690075e-05
1.790000000002712002e-05
1.800000000002733929e-05
1.810000000002755856e-05
1.820000000002777783e-05
1.830000000002799710e-05
1.840000000002821638e-05
1.850000000002843565e-05
1.860000000002865492e-05
1.870000000002887419e-05
1.880000000002909346e-05
1.890000000002931273e-05
1.900000000002953200e-05
1.910000000002975127e-05
1.920000000002997054e-05
1.930000000003018982e-05
1.940000000003040909e-05
1.950000000003062836e-05
1.960000000003084763e-05
1.970000000003106690e-05
1.980000000003128617e-05
1.990000000003150544e-05
2.000000000003172471e-05
2.010000000003194399e-05
2.020000000003216326e-05
2.030000000003238253e-05
2.040000000003260180e-05
2.050000000003282107e-05
2.060000000003304034e-05
2.070000000003325961e-05
2.080000000003347888e-05
2.090000000003369815e-05
2.100000000003391743e-05
2.110000000003413670e-05
2.120000000003435597e-05
2.130000000003457524e-05
2.140000000003479451e-05
2.150000000003501378e-05
2.160000000003523305e-05
2.170000000003545232e-05
2.180000000003567159e-05
2.190000000003589087e-05
2.200000000003611014e-05
2.210000000003632941e-05
2.220000000003654868e-05
2.230000000003676795e-05
2.240000000003698722e-05
2.250000000003720649e-05
2.260000000003742576e-05
2.270000000003764503e-05
2.280000000003786431e-05
2.290000000003808358e-05
2.300000000003830285e-05
2.310000000003852212e-05
2.320000000003874139e-05
2.330000000003896066e-05
2.340000000003917993e-05
2.350000000003939920e-05
2.360000000003961847e-05
2.370000000003983775e-05
2.380000000004005702e-05
2.390000000004027629e-05
2.400000000004049556e-05
2.410000000004071483e-05
2.420000000004093410e-05
2.430000000004115337e-05
2.440000000004137264e-05
2.450000000004159191e-05
2.460000000004181119e-05
2.470000000004203046e-05
2.480000000004224973e-05
2.490000000004246900e-05
2.500000000004268827e-05
2.510000000004290754e-05
2.520000000004312681e-05
2.530000000004334608e-05
2.540000000004356535e-05
2.550000000004378463e-05
2.560000000004400390e-05
2.570000000004422317e-05
2.580000000004444244e-05
2.590000000004466171e-05
2.600000000004488098e-05
2.610000000004510025e-05
2.620000000004531952e-05
2.630000000004553880e-05
2.640000000004575807e-05
2.650000000004597734e-05
2.660000000004619661e-05
2.670000000004641588e-05
2.680000000004663515e-05
2.690000000004685442e-05
2.700000000004707369e-05
2.710000000004729296e-05
2.720000000004751224e-05
2.730000000004773151e-05
2.740000000004795078e-05
2.750000000004817005e-05
2.760000000004838932e-05
2.770000000004860859e-05
2.780000000004882786e-05
2.790000000004904713e-05
2.800000000004926640e-05
2.810000000004948568e-05
2.820000000004970495e-05
2.830000000004992422e-05
2.840000000005014349e-05
2.850000000005036276e-05
2.860000000005058203e-05
2.870000000005080130e-05
2.880000000005102057e-05
2.890000000005123984e-05
2.900000000005145912e-05
2.910000000005167839e-05
2.920000000005189766e-05
2.930000000005211693e-05
2.940000000005233620e-05
2.950000000005255547e-05
2.960000000005277474e-05
2.970000000005299401e-05
2.980000000005321328e-05
2.990000000005343256e-05
3.000000000005365183e-05
3.010000000005387110e-05
3.020000000005409037e-05
3.030000000005430964e-05
3.040000000005452891e-05
3.050000000005474818e-05
3.060000000005496745e-05
3.070000000005518672e-05
3.080000000005540600e-05
3.090000000005562527e-05
3.100000000005584454e-05
3.110000000005606381e-05
3.120000000005628308e-05
3.130000000005650235e-05
3.140000000005672162e-05
3.150000000005694089e-05
3.160000000005716016e-05
3.170000000005737944e-05
3.180000000005759871e-05
3.190000000005781798e-05
3.200000000005803725e-05
3.210000000005825652e-05
3.220000000005847579e-05
3.230000000005869506e-05
3.240000000005891433e-05
3.250000000005913361e-05
3.260000000005935288e-05
3.270000000005957215e-05
3.280000000005979142e-05
3.290000000006001069e-05
3.300000000006022996e-05
3.310000000006044923e-05
3.320000000006066850e-05
3.330000000006088777e-05
3.340000000006110705e-05
3.350000000006132632e-05
3.360000000006154559e-05
3.370000000006176486e-05
3.380000000006198413e-05
3.390000000006220340e-05
3.400000000006242267e-05
3.410000000006264194e-05
3.420000000006286121e-05
3.430000000006308049e-05
3.440000000006329976e-05
3.450000000006351903e-05
3.460000000006373830e-05
3.470000000006395757e-05
3.480000000006417684e-05
3.490000000006439611e-05
3.500000000006461538e-05
3.510000000006483465e-05
3.520000000006505393e-05
3.530000000006527320e-05
3.540000000006549247e-05
3.550000000006571174e-05
3.560000000006593101e-05
3.570000000006615028e-05
3.580000000006636955e-05
3.590000000006658882e-05
3.600000000006680809e-05
3.610000000006702737e-05
3.620000000006724664e-05
3.630000000006746591e-05
3.640000000006768518e-05
3.650000000006790445e-05
3.660000000006812372e-05
3.670000000006834299e-05
3.680000000006856226e-05
3.690000000006878153e-05
3.700000000006900081e-05
3.710000000006922008e-05
3.720000000006943935e-05
3.730000000006965862e-05
3.740000000006987789e-05
3.750000000007009716e-05
3.760000000007031643e-05
3.770000000007053570e-05
3.780000000007075497e-05
3.790000000007097425e-05
3.800000000007119352e-05
3.810000000007141279e-05
3.820000000007163206e-05
3.830000000007185133e-05
3.840000000007207060e-05
3.850000000007228987e-05
3.860000000007250914e-05
3.870000000007272842e-05
3.880000000007294769e-05
3.890000000007316696e-05
3.900000000007338623e-05
3.910000000007360550e-05
3.920000000007382477e-05
3.930000000007404404e-05
3.940000000007426331e-05
3.950000000007448258e-05
3.960000000007470186e-05
3.970000000007492113e-05
3.980000000007514040e-05
3.990000000007535967e-05
4.000000000007557894e-05
4.010000000007579821e-05
4.020000000007601748e-05
4.030000000007623675e-05
4.040000000007645602e-05
4.050000000007667530e-05
4.060000000007689457e-05
4.070000000007711384e-05
4.080000000007733311e-05
4.090000000007755238e-05
4.100000000007777165e-05
4.110000000007799092e-05
4.120000000007821019e-05
4.130000000007842946e-05
4.140000000007864874e-05
4.150000000007886801e-05
4.160000000007908728e-05
4.170000000007930655e-05
4.180000000007952582e-05
4.190000000007974509e-05
4.200000000007996436e-05
4.210000000008018363e-05
4.220000000008040290e-05
4.230000000008062218e-05
4.240000000008084145e-05
4.250000000008106072e-05
4.260000000008127999e-05
4.270000000008149926e-05
4.280000000008171853e-05
4.290000000008193780e-05
4.300000000008215707e-05
4.310000000008237634e-05
4.320000000008259562e-05
4.330000000008281489e-05
4.340000000008303416e-05
4.350000000008325343e-05
4.360000000008347270e-05
4.370000000008369197e-05
4.380000000008391124e-05
4.390000000008413051e-05
4.400000000008434978e-05
4.410000000008456906e-05
4.420000000008478833e-05
4.430000000008500760e-05
4.440000000008522687e-05
4.450000000008544614e-05
4.460000000008566541e-05
4.470000000008588468e-05
4.480000000008610395e-05
4.490000000008632323e-05
4.500000000008654250e-05
4.510000000008676177e-05
4.520000000008698104e-05
4.530000000008720031e-05
4.540000000008741958e-05
4.550000000008763885e-05
4.560000000008785812e-05
4.570000000008807739e-05
4.580000000008829667e-05
4.590000000008851594e-05
4.600000000008873521e-05
4.610000000008895448e-05
4.620000000008917375e-05
4.630000000008939302e-05
4.640000000008961229e-05
4.650000000008983156e-05
4.660000000009005083e-05
4.670000000009027011e-05
4.680000000009048938e-05
4.690000000009070865e-05
4.700000000009092792e-05
4.710000000009114719e-05
4.720000000009136646e-05
4.730000000009158573e-05
4.740000000009180500e-05
4.750000000009202427e-05
4.760000000009224355e-05
4.770000000009246282e-05
4.780000000009268209e-05
4.790000000009290136e-05
4.800000000009312063e-05
4.810000000009333990e-05
4.820000000009355917e-05
4.830000000009377844e-05
4.840000000009399771e-05
4.850000000009421699e-05
4.860000000009443626e-05
4.870000000009465553e-05
4.880000000009487480e-05
4.890000000009509407e-05
4.900000000009531334e-05
4.910000000009553261e-05
4.920000000009575188e-05
4.930000000009597115e-05
4.940000000009619043e-05
4.950000000009640970e-05
4.960000000009662897e-05
4.970000000009684824e-05
4.980000000009706751e-05
4.990000000009728678e-05
5.000000000009750605e-05
5.010000000009772532e-05
5.020000000009794459e-05
5.030000000009816387e-05
5.040000000009838314e-05
5.050000000009860241e-05
5.060000000009882168e-05
5.070000000009904095e-05
5.080000000009926022e-05
5.090000000009947949e-05
5.100000000009969876e-05
5.110000000009991804e-05
5.120000000010013731e-05
5.130000000010035658e-05
5.140000000010057585e-05
5.150000000010079512e-05
5.160000000010101439e-05
5.170000000010123366e-05
5.180000000010145293e-05
5.190000000010167220e-05
5.200000000010189148e-05
5.210000000010211075e-05
5.220000000010233002e-05
5.230000000010254929e-05
5.240000000010276856e-05
5.250000000010298783e-05
5.260000000010320710e-05
5.270000000010342637e-05
5.280000000010364564e-05
5.290000000010386492e-05
5.300000000010408419e-05
5.310000000010430346e-05
5.320000000010452273e-05
5.330000000010474200e-05
5.340000000010496127e-05
5.350000000010518054e-05
5.360000000010539981e-05
5.370000000010561908e-05
5.380000000010583836e-05
5.390000000010605763e-05
5.400000000010627690e-05
5.410000000010649617e-05
5.420000000010671544e-05
5.430000000010693471e-05
5.440000000010715398e-05
5.450000000010737325e-05
5.460000000010759252e-05
5.470000000010781180e-05
5.480000000010803107e-05
5.490000000010825034e-05
5.500000000010846961e-05
5.510000000010868888e-05
5.520000000010890815e-05
5.530000000010912742e-05
5.540000000010934669e-05
5.550000000010956596e-05
5.560000000010978524e-05
5.570000000011000451e-05
5.580000000011022378e-05
5.590000000011044305e-05
5.600000000011066232e-05
5.610000000011088159e-05
5.620000000011110086e-05
5.630000000011132013e-05
5.640000000011153940e-05
5.650000000011175868e-05
5.660000000011197795e-05
5.670000000011219722e-05
5.680000000011241649e-05
5.690000000011263576e-05
5.700000000011285503e-05
5.710000000011307430e-05
5.720000000011329357e-05
5.730000000011351285e-05
5.740000000011373212e-05
5.750000000011395139e-05
5.760000000011417066e-05
5.770000000011438993e-05
5.780000000011460920e-05
5.790000000011482847e-05
5.800000000011504774e-05
5.810000000011526701e-05
5.820000000011548629e-05
5.830000000011570556e-05
5.840000000011592483e-05
5.850000000011614410e-05
5.860000000011636337e-05
5.870000000011658264e-05
5.880000000011680191e-05
5.890000000011702118e-05
5.900000000011724045e-05
5.910000000011745973e-05
5.920000000011767900e-05
5.930000000011789827e-05
5.940000000011811754e-05
5.950000000011833681e-05
5.960000000011855608e-05
5.970000000011877535e-05
5.980000000011899462e-05
5.990000000011921389e-05
6.000000000011943317e-05
6.010000000011965244e-05
6.020000000011987171e-05
6.030000000012009098e-05
6.040000000012031025e-05
6.050000000012052952e-05
6.060000000012074879e-05
6.070000000012096806e-05
6.080000000012118733e-05
6.090000000012140661e-05
6.100000000012162588e-05
6.110000000011745413e-05
6.120000000011089714e-05
6.130000000010434014e-05
6.140000000009778315e-05
6.150000000009122616e-05
6.160000000008466917e-05
6.170000000007811217e-05
6.180000000007155518e-05
6.190000000006499819e-05
6.200000000005844120e-05
6.210000000005188420e-05
6.220000000004532721e-05
6.230000000003877022e-05
6.240000000003221323e-05
6.250000000002565623e-05
6.260000000001909924e-05
6.270000000001254225e-05
6.280000000000598526e-05
6.289999999999942827e-05
6.299999999999287127e-05
6.309999999998631428e-05
6.319999999997975729e-05
6.329999999997320030e-05
6.339999999996664330e-05
6.349999999996008631e-05
6.359999999995352932e-05
6.369999999994697233e-05
6.379999999994041533e-05
6.389999999993385834e-05
6.399999999992730135e-05
6.409999999992074436e-05
6.419999999991418736e-05
6.429999999990763037e-05
6.439999999990107338e-05
6.449999999989451639e-05
6.459999999988795939e-05
6.469999999988140240e-05
6.479999999987484541e-05
6.489999999986828842e-05
6.499999999986173142e-05
6.509999999985517443e-05
6.519999999984861744e-05
6.529999999984206045e-05
6.539999999983550345e-05
6.549999999982894646e-05
6.559999999982238947e-05
6.569999999981583248e-05
6.579999999980927548e-05
6.589999999980271849e-05
6.599999999979616150e-05
6.609999999978960451e-05
6.619999999978304751e-05
6.629999999977649052e-05
6.639999999976993353e-05
6.649999999976337654e-05
6.659999999975681954e-05
6.669999999975026255e-05
6.679999999974370556e-05
6.689999999973714857e-05
6.699999999973059157e-05
6.709999999972403458e-05
6.719999999971747759e-05
6.729999999971092060e-05
6.739999999970436360e-05
6.749999999969780661e-05
6.759999999969124962e-05
6.769999999968469263e-05
6.779999999967813564e-05
6.789999999967157864e-05
6.799999999966502165e-05
6.809999999965846466e-05
6.819999999965190767e-05
6.829999999964535067e-05
6.839999999963879368e-05
6.849999999963223669e-05
6.859999999962567970e-05
6.869999999961912270e-05
6.879999999961256571e-05
6.889999999960600872e-05
6.899999999959945173e-05
6.909999999959289473e-05
6.919999999958633774e-05
6.929999999957978075e-05
6.939999999957322376e-05
6.949999999956666676e-05
6.959999999956010977e-05
6.969999999955355278e-05
6.979999999954699579e-05
6.989999999954043879e-05
6.999999999953388180e-05
7.009999999952732481e-05
7.019999999952076782e-05
7.029999999951421082e-05
7.039999999950765383e-05
7.049999999950109684e-05
7.059999999949453985e-05
7.069999999948798285e-05
7.079999999948142586e-05
7.089999999947486887e-05
7.099999999946831188e-05
7.109999999946175488e-05
7.119999999945519789e-05
7.129999999944864090e-05
7.139999999944208391e-05
7.149999999943552691e-05
7.159999999942896992e-05
7.169999999942241293e-05
7.179999999941585594e-05
7.189999999940929894e-05
7.199999999940274195e-05
7.209999999939618496e-05
7.219999999938962797e-05
7.229999999938307097e-05
7.239999999937651398e-05
7.249999999936995699e-05
7.259999999936340000e-05
7.269999999935684301e-05
7.279999999935028601e-05
7.289999999934372902e-05
7.299999999933717203e-05
7.309999999933061504e-05
7.319999999932405804e-05
7.329999999931750105e-05
7.339999999931094406e-05
7.349999999930438707e-05
7.359999999929783007e-05
7.369999999929127308e-05
7.379999999928471609e-05
7.389999999927815910e-05
7.399999999927160210e-05
7.409999999926504511e-05
7.419999999925848812e-05
7.429999999925193113e-05
7.439999999924537413e-05
7.449999999923881714e-05
7.459999999923226015e-05
7.469999999922570316e-05
7.479999999921914616e-05
7.489999999921258917e-05
7.499999999920603218e-05
7.509999999919947519e-05
7.519999999919291819e-05
7.529999999918636120e-05
7.539999999917980421e-05
7.549999999917324722e-05
7.559999999916669022e-05
7.569999999916013323e-05
7.579999999915357624e-05
7.589999999914701925e-05
7.599999999914046225e-05
7.609999999913390526e-05
7.619999999912734827e-05
7.629999999912079128e-05
7.639999999911423428e-05
7.649999999910767729e-05
7.659999999910112030e-05
7.669999999909456331e-05
7.679999999908800631e-05
7.689999999908144932e-05
7.699999999907489233e-05
7.709999999906833534e-05
7.719999999906177834e-05
7.729999999905522135e-05
7.739999999904866436e-05
7.749999999904210737e-05
7.759999999903555038e-05
7.769999999902899338e-05
7.779999999902243639e-05
7.789999999901587940e-05
7.799999999900932241e-05
7.809999999900276541e-05
7.819999999899620842e-05
7.829999999898965143e-05
7.839999999898309444e-05
7.849999999897653744e-05
7.859999999896998045e-05
7.869999999896342346e-05
7.879999999895686647e-05
7.889999999895030947e-05
7.899999999894375248e-05
7.909999999893719549e-05
7.919999999893063850e-05
7.929999999892408150e-05
7.939999999891752451e-05
7.949999999891096752e-05
7.959999999890441053e-05
7.969999999889785353e-05
7.979999999889129654e-05
7.989999999888473955e-05
7.999999999887818256e-05
8.009999999887162556e-05
8.019999999886506857e-05
8.029999999885851158e-05
8.039999999885195459e-05
8.049999999884539759e-05
8.059999999883884060e-05
8.069999999883228361e-05
8.079999999882572662e-05
8.089999999881916962e-05
8.099999999881261263e-05
8.109999999880605564e-05
8.119999999879949865e-05
8.129999999879294165e-05
8.139999999878638466e-05
8.149999999877982767e-05
8.159999999877327068e-05
8.169999999876671368e-05
8.179999999876015669e-05
8.189999999875359970e-05
8.199999999874704271e-05
8.209999999874048571e-05
8.219999999873392872e-05
8.229999999872737173e-05
8.239999999872081474e-05
8.249999999871425775e-05
8.259999999870770075e-05
8.269999999870114376e-05
8.279999999869458677e-05
8.289999999868802978e-05
8.299999999868147278e-05
8.309999999867491579e-05
8.319999999866835880e-05
8.329999999866180181e-05
8.339999999865524481e-05
8.349999999864868782e-05
8.359999999864213083e-05
8.369999999863557384e-05
8.379999999862901684e-05
8.389999999862245985e-05
8.399999999861590286e-05
8.409999999860934587e-05
8.419999999860278887e-05
8.429999999859623188e-05
8.439999999858967489e-05
8.449999999858311790e-05
8.459999999857656090e-05
8.469999999857000391e-05
8.479999999856344692e-05
8.489999999855688993e-05
8.499999999855033293e-05
8.509999999854377594e-05
8.519999999853721895e-05
8.529999999853066196e-05
8.539999999852410496e-05
8.549999999851754797e-05
8.559999999851099098e-05
8.569999999850443399e-05
8.579999999849787699e-05
8.589999999849132000e-05
8.599999999848476301e-05
8.609999999847820602e-05
8.619999999847164902e-05
8.629999999846509203e-05
8.639999999845853504e-05
8.649999999845197805e-05
8.659999999844542105e-05
8.669999999843886406e-05
8.679999999843230707e-05
8.689999999842575008e-05
8.699999999841919308e-05
8.709999999841263609e-05
8.719999999840607910e-05
8.729999999839952211e-05
8.739999999839296512e-05
8.749999999838640812e-05
8.759999999837985113e-05
8.769999999837329414e-05
8.779999999836673715e-05
8.789999999836018015e-05
8.799999999835362316e-05
8.809999999834706617e-05
8.819999999834050918e-05
8.829999999833395218e-05
8.839999999832739519e-05
8.849999999832083820e-05
8.859999999831428121e-05
8.869999999830772421e-05
8.879999999830116722e-05
8.889999999829461023e-05
8.899999999828805324e-05
8.909999999828149624e-05
8.919999999827493925e-05
8.929999999826838226e-05
8.939999999826182527e-05
8.949999999825526827e-05
8.959999999824871128e-05
8.969999999824215429e-05
8.979999999823559730e-05
8.989999999822904030e-05
8.999999999822248331e-05
9.009999999821592632e-05
9.019999999820936933e-05
9.029999999820281233e-05
9.039999999819625534e-05
9.049999999818969835e-05
9.059999999818314136e-05
9.069999999817658436e-05
9.079999999817002737e-05
9.089999999816347038e-05
9.099999999815691339e-05
9.109999999815035639e-05
9.119999999814379940e-05
9.129999999813724241e-05
9.139999999813068542e-05
9.149999999812412842e-05
9.159999999811757143e-05
9.169999999811101444e-05
9.179999999810445745e-05
9.189999999809790045e-05
9.199999999809134346e-05
9.209999999808478647e-05
9.219999999807822948e-05
9.229999999807167249e-05
9.239999999806511549e-05
9.249999999805855850e-05
9.259999999805200151e-05
9.269999999804544452e-05
9.279999999803888752e-05
9.289999999803233053e-05
9.299999999802577354e-05
9.309999999801921655e-05
9.319999999801265955e-05
9.329999999800610256e-05
9.339999999799954557e-05
9.349999999799298858e-05
9.359999999798643158e-05
9.369999999797987459e-05
9.379999999797331760e-05
9.389999999796676061e-05
9.399999999796020361e-05
9.409999999795364662e-05
9.419999999794708963e-05
9.429999999794053264e-05
9.439999999793397564e-05
9.449999999792741865e-05
9.459999999792086166e-05
9.469999999791430467e-05
9.479999999790774767e-05
9.489999999790119068e-05
9.499999999789463369e-05
9.509999999788807670e-05
9.519999999788151970e-05
9.529999999787496271e-05
9.539999999786840572e-05
9.549999999786184873e-05
9.559999999785529173e-05
9.569999999784873474e-05
9.579999999784217775e-05
9.589999999783562076e-05
9.599999999782906376e-05
9.609999999782250677e-05
9.619999999781594978e-05
9.629999999780939279e-05
9.639999999780283579e-05
9.649999999779627880e-05
9.659999999778972181e-05
9.669999999778316482e-05
9.679999999777660782e-05
9.689999999777005083e-05
9.699999999776349384e-05
9.709999999775693685e-05
9.719999999775037986e-05
9.729999999774382286e-05
9.739999999773726587e-05
9.749999999773070888e-05
9.759999999772415189e-05
9.769999999771759489e-05
9.779999999771103790e-05
9.789999999770448091e-05
9.799999999769792392e-05
9.809999999769136692e-05
9.819999999768480993e-05
9.829999999767825294e-05
9.839999999767169595e-05
9.849999999766513895e-05
9.859999999765858196e-05
9.869999999765202497e-05
9.879999999764546798e-05
9.889999999763891098e-05
9.899999999763235399e-05
9.909999999762579700e-05
9.919999999761924001e-05
9.929999999761268301e-05
9.939999999760612602e-05
9.949999999759956903e-05
9.959999999759301204e-05
9.969999999758645504e-05
9.979999999757989805e-05
9.989999999757334106e-05
9.999999999756678407e-05
