0.000000000000000000e+00 0.000000000000000000e+00 0.000000000000000000e+00
-2.503138324311611485e-02 1.258149483248161352e-02 -1.662424992730881243e-03
1.453908783292893157e-02 -3.723410458775467530e-02 -3.480449897428635787e-03
-7.217964929140968655e-02 3.650888794655691300e-02 -5.601856802263057745e-03
2.545367153469954569e-02 -7.120493092073683361e-02 -8.162461881495610208e-03
-1.111049306349719545e-01 5.690342339061713745e-02 -1.127692638009488227e-02
2.991149267934864464e-02 -9.907269741233461213e-02 -1.503239506822951453e-02
-1.379537550184690708e-01 7.195936968929728117e-02 -1.948550590640413249e-02
2.648205685891561606e-02 -1.187751174408487875e-01 -2.465067608608111430e-02
-1.509640324854638893e-01 8.059019569128227090e-02 -3.050112097581935897e-02
1.541311811051329465e-02 -1.292555685878296057e-01 -3.696637414690936985e-02
-1.506730058670863737e-01 8.251383105003946838e-02 -4.392424242087576702e-02
-1.492860228906446899e-03 -1.305157942615862154e-01 -5.123303278881547601e-02
-1.396508213631581508e-01 7.818902021258340718e-02 -5.867846082007860398e-02
-2.135451711335128663e-02 -1.235006453151793887e-01 -6.607601470914255259e-02
-1.218444302502505461e-01 6.859850193759912951e-02 -7.316557056714913243e-02
-4.087033314840951559e-02 -1.098245491448055361e-01 -7.975856699430018681e-02
-1.017000996007689506e-01 5.500305014046485974e-02 -8.560497356322872842e-02
-5.695477288025069251e-02 -9.143118494425908627e-02 -9.054474231816843355e-02
-8.333163751366745586e-02 3.870053965773737059e-02 -9.439402586239194204e-02
-6.720092826009207987e-02 -7.028675848254493930e-02 -9.704573302169472448e-02
-6.989969554787331396e-02 2.088141362092585732e-02 -9.841212902156797060e-02
-7.011505799825765162e-02 -4.816802990433493442e-02 -9.845391074261718167e-02
-6.331181242099689910e-02 2.583844081229049166e-03 -9.717752655440117793e-02
-6.518156439511989253e-02 -2.657915441187842440e-02 -9.461649815833041155e-02
-6.418635686759815995e-02 -1.528528125793673226e-02 -9.084955848465688100e-02
-5.281865414059715852e-02 -6.770797744611748402e-03 -8.597894058099184167e-02
-7.197715441611375609e-02 -3.190500300946144674e-02 -8.014094544408799370e-02
-3.426361240320664747e-02 1.020337129203810304e-02 -7.348693440068362892e-02
-8.516007981608421373e-02 -4.651010404271481435e-02 -6.619493886529081994e-02
-1.141800962823176155e-02 2.343003958447441304e-02 -5.843655155704899351e-02
-1.014394972032688219e-01 -5.840740868566979271e-02 -5.042255175762680453e-02
1.335251813834488661e-02 3.212652059435221891e-02 -4.231485409465788466e-02
-1.179584234457305425e-01 -6.703133283731395331e-02 -3.434152578803017358e-02
3.746609144824056964e-02 3.569415995518309542e-02 -2.663176511170511906e-02
-1.315364311598618552e-01 -7.202942604107202829e-02 -1.940036550459829992e-02
5.841132746555177668e-02 3.383188269221262812e-02 -1.273067075948585217e-02
-1.389689070754126232e-01 -7.335673870678834085e-02 -6.779654153103347250e-03
7.405330971082599301e-02 2.668915265862144282e-02 -1.578367729537466036e-03
-1.374184710230367257e-01 -7.135324114775794258e-02 2.818391533433061130e-03
8.292865442456935632e-02 1.501570067942955763e-02 6.436567494618778904e-03
-1.249041649673092447e-01 -6.677836597313148437e-02 9.346812819653499069e-03
8.449069698569193487e-02 2.422304607363228086e-04 1.163695631142285143e-02
-1.008340991616009652e-01 -6.078196740038083190e-02 1.348270714923375385e-02
7.926765314995216916e-02 -1.558791716948998776e-02 1.502181093189181027e-02
-6.642630208410947590e-02 -5.479934881427456217e-02 1.647241440030658075e-02
6.889236436666557051e-02 -3.006438948831114191e-02 1.798933714250314925e-02
-2.481235159432495369e-02 -5.033899463669049001e-02 1.976728691356262682e-02
5.594653248543528939e-02 -4.080942525845464991e-02 2.193735963785733642e-02
1.932288093550564925e-02 -4.873118728185638765e-02 2.462302805887544438e-02
4.358475068442033140e-02 -4.595356465418338338e-02 2.789104677607711497e-02
6.055430395964683798e-02 -5.085368601902692798e-02 3.177784998880865686e-02
3.496510786907942869e-02 -4.452137023001135480e-02 3.626741267633450810e-02
9.379034919730108721e-02 -5.690209075571244640e-02 4.131895272433838001e-02
3.258776767863391655e-02 -3.662807374020358303e-02 4.683836177869023926e-02
1.152922036395221117e-01 -6.627863702992017880e-02 5.272232227498208773e-02
3.768697304120328939e-02 -2.345847977786495037e-02 5.882656825741731932e-02
1.233734905796943643e-01 -7.763321673333591078e-02 6.500182994147889193e-02
4.984654761139517554e-02 -7.042117159625624866e-03 7.108273052387804880e-02
1.186400746219013619e-01 -8.904852420028266935e-02 7.688846945026608926e-02
6.696711604337059198e-02 1.009999297948148585e-02 8.225463241686950533e-02
1.037526638416971653e-01 -9.834467238366893793e-02 8.699033765884525704e-02
8.560421376690378892e-02 2.537475004049011620e-02 9.094500744006393800e-02
8.279189432556048611e-02 -1.034352194489281257e-01 9.394677626794960268e-02
1.016265570279218239e-01 3.650348881782742444e-02 9.586800065867925880e-02
6.040230961364419920e-02 -1.026932759588209815e-01 9.658828859274480594e-02
1.110631681169038099e-01 4.182161968912136152e-02 9.601760783311416581e-02
4.091209423989392718e-02 -9.524397659716947462e-02 9.411434422424064250e-02
1.109569585234697758e-01 4.044935234621630654e-02 9.085185164006909231e-02
2.761665605531739634e-02 -8.112606925574562811e-02 8.628540525144250128e-02
9.999999379999614801e-02 3.232417411242166638e-02 8.047527816953917168e-02
2.232802815159784515e-02 -6.126140486851187200e-02 7.357504769009752532e-02
7.876356296397823975e-02 1.811632269085575522e-02 6.574405238354273651e-02
2.525105772725188755e-02 -3.724782944995139178e-02 5.721407866925857372e-02
4.946568640538510919e-02 -9.480240836969620151e-04 4.822193154118106090e-02
3.514495198626113592e-02 -1.103726155883605342e-02 3.903570384630966617e-02
1.537434111094582168e-02 -2.329231314223843483e-02 2.990872748608030748e-02
4.969300754974049356e-02 1.540113449248945235e-02 2.108479280508628040e-02
-1.990116886175703065e-02 -4.716640781376818525e-02 1.277125186031110617e-02
6.596910724641100177e-02 4.031242331692178743e-02 5.137414042922768508e-03
-5.300645078179629099e-02 -7.078972392884481935e-02 -1.697147374693649567e-03
8.089951448593915573e-02 6.223301718283479056e-02 -7.665509297341516030e-03
-8.120709837668446673e-02 -9.243367910271890753e-02 -1.274364368542629973e-02
9.165923368610574828e-02 7.996589117121190304e-02 -1.696489432229507030e-02
-1.025608598940220828e-01 -1.104594841558844548e-01 -2.038401517124077342e-02
9.597453976449193958e-02 9.252932942703592789e-02 -2.310713879880245403e-02
-1.159910283273155179e-01 -1.233414429893752579e-01 -2.524545529099827754e-02
9.234346870702210552e-02 9.913692578037838765e-02 -2.694705208052662615e-02
-1.213148923056970030e-01 -1.297136874241840432e-01 -2.835616332233067624e-02
8.019752142143649065e-02 9.922994140520291495e-02 -2.962575193918637328e-02
-1.192494200114048719e-01 -1.284581190710050169e-01 -3.091023972058448005e-02
5.999963528357105114e-02 9.255468877926870119e-02 -3.234216635389047800e-02
-1.113662001919356603e-01 -1.188400838554273808e-01 -3.405769698984397603e-02
3.328803306526362249e-02 7.926629843665722319e-02 -3.614937314932448187e-02
-9.995449514379500799e-02 -1.006711472777372107e-01 -3.871156621260056496e-02
2.634666961697591271e-03 6.002978408788243320e-02 -4.178640081496746983e-02
-8.779285926660397588e-02 -7.447372673913169039e-02 -4.539935387728692706e-02
-2.853978585510279220e-02 3.607803857826338834e-02 -4.953045525941897342e-02
-7.780897301017447587e-02 -4.161074261257061147e-02 -5.412411869658284580e-02
-5.632760143718470308e-02 9.204006076515001619e-03 -5.908766866475357454e-02
-7.263473319993805910e-02 -4.309266992535134774e-03 -6.429029679350350968e-02
-7.689387838233634198e-02 -1.833639349371737545e-02 -6.957141951950836234e-02
-7.410699416178827270e-02 3.447304085315390509e-02 -7.475226807697510356e-02
-8.718815937139569316e-02 -4.403113329634898016e-02 -7.962938143889827791e-02
-8.281137521025522252e-02 7.136551088396303477e-02 -8.400773269070853366e-02
-8.566498696632851573e-02 -6.540179666929171742e-02 -8.768441016447016401e-02
-9.779343105294799332e-02 1.030616088755842152e-01 -9.048059854046189288e-02
-7.277813291957993536e-02 -8.033537461898312970e-02 -9.224357475952554841e-02
-1.165425026120334023e-01 1.268420806950163182e-01 -9.284027275940084922e-02
-5.103463998230525073e-02 -8.739350633945493219e-02 -9.220188788864508433e-02
-1.353112158728806969e-01 1.410105257712677140e-01 -9.026673266377030491e-02
-2.453118857321774648e-02 -8.603500286115224605e-02 -8.705514740522514450e-02
-1.497371941511713156e-01 1.451141864118480340e-01 -8.259214084002174106e-02
1.918336482531795206e-03 -7.671098430727696371e-02 -7.697257764988982287e-02
-1.556514560517939239e-01 1.399175331166538083e-01 -7.030898361855809908e-02
2.380279373832358547e-02 -6.080569693987094432e-02 -6.273998783297826676e-02
-1.499281159878767256e-01 1.271598672136498853e-01 -5.444888838942141956e-02
3.779665175679211564e-02 -4.043416501572624083e-02 -4.560076447284190648e-02
-1.311758698327742390e-01 1.091885286587763043e-01 -3.642098498272938051e-02
4.232710190039928183e-02 -1.811912539686715354e-02 -2.708489908061881973e-02
-1.001149307417811135e-01 8.854852922480574429e-02 -1.781950415328383344e-02
3.771122909649646943e-02 3.586901207839260971e-03 -8.799906992187680674e-03
-5.954302791986652854e-02 6.761248301069146260e-02 -2.255137302427717358e-04
2.590737710921603432e-02 2.248193928332182373e-02 7.751111340024580305e-03
-1.386350673156629132e-02 4.830723173274629328e-02 1.498619849488081260e-02
9.968931118875756781e-03 3.701957757372498214e-02 2.138000467157967835e-02
3.173170208366506845e-02 3.196715933227615297e-02 2.686045606629135912e-02
-6.641175622799757108e-03 4.648050044575550988e-02 3.140998414944429912e-02
7.224999135135630468e-02 1.932115032222070025e-02 3.503880531668323445e-02
-2.070929384935514192e-02 5.096778734980426245e-02 3.782241263663202457e-02
1.038156078485345107e-01 1.058515057571409942e-02 3.985044787442668796e-02
-2.976050962107639961e-02 5.124047245653900323e-02 4.126457380780607781e-02
1.242811127909086155e-01 5.623559287691247757e-03 4.222599382321175210e-02
-3.232026630768346925e-02 4.843259469870990486e-02 4.289331408007469176e-02
1.333813782894560929e-01 4.090432826380325029e-03 4.347165769349002618e-02
-2.796913074838970614e-02 4.375384646687239393e-02 4.408341419334244060e-02
1.324623142746589877e-01 5.517329635859215611e-03 4.493278808082177417e-02
-1.726241022262338734e-02 3.828318192418497801e-02 4.607570212288020217e-02
1.239611007917375413e-01 9.331966315867907050e-03 4.766591478558206835e-02
-1.587987198422383898e-03 3.290167989237710588e-02 4.969220135594588916e-02
1.108574078415338199e-01 1.482952742378029938e-02 5.222222953093337561e-02
1.700232176124687883e-02 2.833948236030132614e-02 5.519457809317247776e-02
9.623417822653516918e-02 2.113872084188783348e-02 5.858082175640705325e-02
3.599300216286111659e-02 2.526377630556015177e-02 6.228226383130772148e-02
8.298547984064412464e-02 2.722064042418744292e-02 6.618995183953349515e-02
5.266388600247460389e-02 2.433356915568512385e-02 7.017703855908993815e-02
7.359757199706246089e-02 3.192728316253767851e-02 7.408400874476052389e-02
6.439441564383820149e-02 2.618465502269649858e-02 7.776177905933430445e-02
6.995106368821521481e-02 3.412559483607959659e-02 8.103180315366266540e-02
6.901038938618760110e-02 3.133795079422195540e-02 8.373572208270919914e-02
7.311154461699205520e-02 3.286839660695940052e-02 8.570043044758046680e-02
6.512664362541377427e-02 4.005326721023439590e-02 8.677604857386815584e-02
8.312051680826759714e-02 2.758103517565571594e-02 8.681618339791906391e-02
5.242521169545949489e-02 5.216077391879938435e-02 8.571132634040697085e-02
9.882691240374312514e-02 1.822222602409144174e-02 8.336115451110574781e-02
3.181759624674461440e-02 6.691897652552551701e-02 7.972953094066589919e-02
1.178426759724230805e-01 5.394724239623459143e-03 7.479446430502187382e-02
5.432818053403727469e-03 8.295366223131310501e-02 6.861597236701846847e-02
1.366906399013709528e-01 -9.638455729245083356e-03 6.127016408825367716e-02
-2.359498037423352068e-02 9.832024524837523760e-02 5.291654524741343929e-02
1.512279902314109248e-01 -2.505108394151824361e-02 4.373797306039299559e-02
-5.154490768015781987e-02 1.107200812222891573e-01 3.397063897600425403e-02
1.573481604493721653e-01 -3.868291306532183060e-02 2.386888677588747468e-02
-7.471559201181904308e-02 1.178506539200403769e-01 1.369885416955723099e-02
1.518429551131569577e-01 -4.837910524144470314e-02 3.723811336898952360e-03
-9.013950129191765359e-02 1.178190732749475611e-01 -5.815828797435117388e-03
1.331981532769202226e-01 -5.237669517237045907e-02 -1.471430879761595652e-02
-9.623715272256497255e-02 1.095099029933628149e-01 -2.280198399193777981e-02
1.020759091443420030e-01 -4.964223246255503041e-02 -2.996887767892692303e-02
-9.319992641642106668e-02 9.281514941388434303e-02 -3.613729374784807602e-02
6.133166101728271258e-02 -4.006303136229238254e-02 -4.129461963497736005e-02
-8.295345559905448196e-02 6.868404071735013938e-02 -4.545151049441057550e-02
1.555525477891934669e-02 -2.444867470500000986e-02 -4.866909978417183202e-02
-6.870260954841903023e-02 3.899392694374663459e-02 -5.102734238791620247e-02
-2.975133605280556176e-02 -4.360902895336662283e-03 -5.263840910294736997e-02
-5.418792901034894666e-02 6.290948461818823834e-03 -5.362542162033404058e-02
-6.917350359875699961e-02 1.817179967347659283e-02 -5.412619375116541065e-02
-4.286496430681795144e-02 -2.656327728874181143e-02 -5.428196388799755301e-02
-9.835679970654341575e-02 4.096660277963316832e-02 -5.423596872013142917e-02
-3.719522492277110848e-02 -5.677268241890785078e-02 -5.412903304755171952e-02
-1.147471741227454878e-01 6.198000635843409212e-02 -5.408833346600264158e-02
-3.819458622697661371e-02 -8.194859383676650344e-02 -5.424075878494025171e-02
-1.179542023479377838e-01 7.952983351105408216e-02 -5.467448916921280322e-02
-4.532090497329997747e-02 -1.003566520140583423e-01 -5.549066756477409601e-02
-1.096834770089645944e-01 9.242241272514199746e-02 -5.671680600638411701e-02
-5.670902804186808699e-02 -1.110340606134549851e-01 -5.840717672716234238e-02
-9.327033536553963611e-02 9.996075022329362070e-02 -6.051526830666453804e-02
-6.966944078923399675e-02 -1.137787589855462772e-01 -6.302098218761269244e-02
-7.295265631548533691e-02 1.018491538916978106e-01 -6.581083307987367625e-02
-8.130461214142284398e-02 -1.090238461120026786e-01 -6.877414450401225787e-02
-5.303195743941544610e-02 9.805134351008902571e-02 -7.175150102817462461e-02
-8.903192297182742354e-02 -9.764135188877173799e-02 -7.454591379799430095e-02
-3.715192823558854940e-02 8.866942410810602082e-02 -7.698402226763521872e-02
-9.092736007247173569e-02 -8.074886644558854076e-02 -7.882502690428061509e-02
-2.782078195404912024e-02 7.391340680390148798e-02 -7.991736855969576447e-02
-8.584155571295457032e-02 -5.957188499608071647e-02 -8.004469960215540580e-02
-2.622694440436888416e-02 5.418262141239331420e-02 -7.910533810275544031e-02
-7.338881810121039573e-02 -3.539535183874374658e-02 -7.696841408470625479e-02
-3.229590262290917696e-02 3.021273790423661607e-02 -7.360804358693236182e-02
-5.391507652429669561e-02 -9.596447929988293976e-03 -6.900367988227842919e-02
-4.487511979946957191e-02 3.192992082528641438e-03 -6.321256500214007812e-02
-2.849629530435534783e-02 1.629293124952282609e-02 -5.631041083062814784e-02
-6.195130779571751678e-02 -2.521645301193915084e-02 -4.843489012434253060e-02
1.079030385547783723e-03 4.056136616987745386e-02 -3.972521135100534617e-02
-8.085643369805883829e-02 -5.299704350089156496e-02 -3.038285006372614533e-02
3.241542619169682921e-02 6.137467643439169229e-02 -2.057986191962445782e-02
-9.848899925432152980e-02 -7.799422308672822324e-02 -1.055162348877022177e-02
6.274427181765378225e-02 7.692648261618904859e-02 -4.825740860991742766e-04
-1.115968696485155620e-01 -9.820496118515840978e-02 9.396465627208874793e-03
8.927582539545754481e-02 8.566288747502552592e-02 1.889758400889180942e-02
-1.171528307371621225e-01 -1.120593158656213728e-01 2.782969151734212762e-02
1.096164106425612517e-01 8.655762833110296206e-02 3.601792793983581153e-02
-1.128188944115370435e-01 -1.186595723353645326e-01 4.333849938242278349e-02
1.221730207131365431e-01 7.935448324286800692e-02 4.965489221215465404e-02
-9.744802574876755552e-02 -1.179281126322698908e-01 5.492055453583763458e-02
1.264746684046733627e-01 6.474261561362450179e-02 5.907178883294521288e-02
-7.151798114664452422e-02 -1.106263260316089903e-01 6.214163996832953313e-02
1.233161554768123919e-01 4.437943172570615186e-02 6.416475021648729293e-02
-3.736935058091399309e-02 -9.825393886948409483e-02 6.523490246776428303e-02
1.146964795973819673e-01 2.072052630739464052e-02 6.548398621421253063e-02
9.281569419157907749e-04 -8.281946252102977135e-02 6.505521444662280828e-02
1.035057383659861857e-01 -3.342313907720682008e-03 6.414670202327346638e-02
3.814756144704217755e-02 -6.653145835299419109e-02 6.292659753106609466e-02
9.301193947705684029e-02 -2.497035641140346943e-02 6.160329419473931090e-02
6.888385839260312282e-02 -5.146207186812981615e-02 6.033547498280501103e-02
8.621328505722973545e-02 -4.186786147043587702e-02 5.928869713507401579e-02
8.868724223784989202e-02 -3.923719110181080050e-02 5.857551754392947840e-02
8.518627754114320438e-02 -5.263193698023308637e-02 5.828823475450978925e-02
9.501249525557070585e-02 -3.082947305776896282e-02 5.846443627377903574e-02
9.058477951975396625e-02 -5.689351375852638726e-02 5.911641827868201193e-02
8.771708665983232733e-02 -2.648171460567371946e-02 6.019843938481916901e-02
1.014317226922061832e-01 -5.524111547820486495e-02 6.165154360584420429e-02
6.899557089347732597e-02 -2.576566806842162799e-02 6.335951980849240106e-02
1.152656433355712107e-01 -4.898950344283031083e-02 6.520657061283872957e-02
4.282752882729812943e-02 -2.774918927881189420e-02 6.703523583804495145e-02
1.286269438062158377e-01 -3.987978004303718849e-02 6.868956900631449647e-02
1.411579414821882879e-02 -3.122768178023131030e-02 6.999947061237195289e-02
1.377664574380355611e-01 -2.976662787566987725e-02 7.079128881337642953e-02
-1.226250983700769882e-02 -3.495682524292281074e-02 7.090932350058147537e-02
1.394268745232625228e-01 -2.036859110130691264e-02 7.019192323112394272e-02
-3.229029810629081149e-02 -3.786718509661225751e-02 6.852121628781723817e-02
1.315190244736046399e-01 -1.310142777234466621e-02 6.578251691707262538e-02
-4.337995343790496811e-02 -3.919943543329413443e-02 6.191556591615369337e-02
1.135438004931046407e-01 -8.990763769873302835e-03 5.688400287438194480e-02
-4.461995377377100253e-02 -3.854003613864449840e-02 5.070718442387545100e-02
8.663405433764419239e-02 -8.672234710837646576e-03 4.344501403082987046e-02
-3.670964566791823369e-02 -3.575501628935820464e-02 3.520805839747576799e-02
5.322395374290107839e-02 -1.242773472558843066e-02 2.615292634489093521e-02
-2.165366596608739660e-02 -3.085659929974802346e-02 1.647386189189511962e-02
1.646417158027334640e-02 -2.024437613393705038e-02 6.397218466200767749e-03
-2.321601261080962798e-03 -2.388543645365715992e-02 -3.835950727451704640e-03
-2.040003371599799845e-02 -3.184693293529152619e-02 -1.397557179754805451e-02
1.802125418661204223e-02 -1.488010358677145477e-02 -2.378872179465661360e-02
-5.448546473271215218e-02 -4.668832015920240663e-02 -3.305053473408891412e-02
3.614505205319650666e-02 -3.970620688763793621e-03 -4.158401718863336677e-02
-8.349270087916824123e-02 -6.390326720873121258e-02 -4.922868939417072986e-02
4.920409562040460594e-02 8.451349158430779274e-03 -5.588448971024555928e-02
-1.057736627062761808e-01 -8.224943028836248504e-02 -6.147715646906382059e-02
5.501409075860473619e-02 2.158248859994066696e-02 -6.598025578728437812e-02
-1.203650060441636971e-01 -1.000839332269086585e-01 -6.940710610027457650e-02
5.228026027630157391e-02 3.416685147281968427e-02 -7.178725736658790602e-02
-1.270554909638685892e-01 -1.154160397046662678e-01 -7.320640223730234819e-02
4.078699917167143835e-02 4.460109257385955900e-02 -7.373532730246873390e-02
-1.264745985759605229e-01 -1.260662179247710180e-01 -7.350623049675604481e-02
2.152785102574502826e-02 5.116552476666837157e-02 -7.262546489138255179e-02
-1.201159341455020069e-01 -1.299215990506530638e-01 -7.124227380533583454e-02
-3.264652180413777499e-03 5.232632666161057822e-02 -6.949278883617507341e-02
-1.102506443344853926e-01 -1.252628520830157410e-01 -6.751761219802888958e-02
-3.027224342639445870e-02 4.703651482075909412e-02 -6.546904171812523154e-02
-9.967651570457577992e-02 -1.111030921237213115e-01 -6.346277603719564786e-02
-5.544632007990431266e-02 3.497959457369023695e-02 -6.164467983037591470e-02
-9.130760168837551150e-02 -8.747241539053278447e-02 -6.009366486136236141e-02
-7.456706668063869947e-02 1.670502573852240824e-02 -5.891480340663608067e-02
-8.765358986369872762e-02 -5.557678352708694813e-02 -5.813777793006535966e-02
-8.394725897923538405e-02 -6.372966541753227222e-03 -5.779606803569907469e-02
-9.028310776357495460e-02 -1.777551487860992707e-02 -5.785346185699996591e-02
-8.117666037051660122e-02 -3.212652960122251711e-02 -5.825642821252636355e-02
-9.939958667044095086e-02 2.265292947692869319e-02 -5.889158189238610785e-02
-6.573977423842684853e-02 -5.798943605521322125e-02 -5.963000693481314979e-02
-1.136395942875314535e-01 6.195321521529958270e-02 -6.029196829800741175e-02
-3.930871994948576670e-02 -8.130897664467089114e-02 -6.070795650083397194e-02
-1.301988326080839031e-01 9.645663412044741536e-02 -6.067286802670603801e-02
-5.571901094189319302e-03 -9.970752530149928905e-02 -6.001782947350697145e-02
-1.453005811453905727e-01 1.231418233210163637e-01 -5.857473734419724187e-02
3.044498335033485673e-02 -1.113816398100933025e-01 -5.621323891316782478e-02
-1.549112885598049882e-01 1.400451490846929270e-01 -5.285592580813732594e-02
6.341894355248962889e-02 -1.152926075372861237e-01 -4.843458344084382999e-02
-1.555505632787059500e-01 1.464262659917892062e-01 -4.298126056767957032e-02
8.882546245624513281e-02 -1.112329307931339967e-01 -3.649943178081441891e-02
-1.450246546251141300e-01 1.426863013109233302e-01 -2.910975617965573525e-02
1.037782314039837894e-01 -9.977508474457386090e-02 -2.089109782713212057e-02
-1.229198888447797372e-01 1.301156285642682819e-01 -1.201790192506159601e-02
1.074357950745966073e-01 -8.212434787344390086e-02 -2.635198292629586849e-03
-9.074603309013500041e-02 1.105728175587744749e-01 7.064597088043622457e-03
1.009273618353088708e-01 -5.990265776557188865e-02 1.688581040258648955e-02
-5.170351259875117372e-02 8.617983227701458970e-02 2.664056207977361784e-02
8.690498735283889997e-02 -3.491469498941220800e-02 3.611387172823844749e-02
-1.010663991594396884e-02 5.907202969851554214e-02 4.513258010575735973e-02
6.887853582457525992e-02 -8.938731814348245194e-03 5.349513074157949410e-02
2.941272980151165076e-02 3.124133069921598491e-02 6.105157491678896847e-02
5.050148539023194272e-02 1.643334500746899268e-02 6.764233261153715371e-02
6.274616803079735572e-02 4.469928718720687748e-03 7.315823825798187241e-02
3.495718114672040355e-02 3.988353877664189973e-02 7.750184363601149429e-02
8.700528392415107781e-02 -1.966576922669597063e-02 8.063257163185047482e-02
2.454768728426393737e-02 6.037959589310771397e-02 8.252426256025577334e-02
1.009188132511281144e-01 -3.976566542543126526e-02 8.323257476104024832e-02
2.051530773273230537e-02 7.712720087103946964e-02 8.280727062882629885e-02
1.048544811561919754e-01 -5.459525750089436885e-02 8.140489430570359286e-02
2.306233794150153518e-02 8.951622416382729042e-02 7.914486258339530067e-02
1.005081434454134226e-01 -6.314131760957948647e-02 7.625618884770250794e-02
3.146458205007098691e-02 9.709987793464415484e-02 7.291159499319101178e-02
9.039242869850104556e-02 -6.475162117798539951e-02 6.935402857220714090e-02
4.419605536390611850e-02 9.965465429307679424e-02 6.577192906808490558e-02
7.732679356912888768e-02 -5.931862740318093186e-02 6.235875079796909110e-02
5.904696091283256204e-02 9.730879267693766377e-02 5.926997036428143656e-02
6.406954103612223783e-02 -4.743560462791949345e-02 5.660981947673729420e-02
7.328777226258174904e-02 9.067688696619227717e-02 5.445927957570412259e-02
5.310477302657064247e-02 -3.045087485207544076e-02 5.282757455179790118e-02
8.394174691339090222e-02 8.091390441206762485e-02 5.170343556499858856e-02
4.649515093056099529e-02 -1.038062727976077695e-02 5.101895166962612527e-02
8.817990835572384056e-02 6.963240775062577714e-02 5.068037359382367851e-02
4.570681593771534074e-02 1.031505289405475201e-02 5.056802953750133556e-02
8.378625521393447129e-02 5.868178463458865318e-02 5.053373584342282093e-02
5.138481659968441306e-02 2.905849130491084537e-02 5.042918470865881408e-02
6.960419782355768692e-02 4.985345563540324182e-02 5.008679127489907429e-02
6.313343783302691192e-02 4.353678181847703971e-02 4.935187424170878190e-02
4.585602759174204485e-02 4.456114213368071036e-02 4.806872574148936261e-02
7.938363494677040666e-02 5.205451262504518645e-02 4.610034724743759110e-02
1.425168482461115771e-02 4.356717188443252897e-02 4.332877515585240730e-02
9.743876225587633222e-02 5.380456468804793030e-02 3.966208547512367621e-02
-2.215955590240865219e-02 4.680830942479256157e-02 3.503966176569489610e-02
1.137585560679372082e-01 4.901162294741017583e-02 2.943772194227949751e-02
-5.939683959721801798e-02 5.337916693657922262e-02 2.287073576331397073e-02
1.244947823106179324e-01 3.890814831442541977e-02 1.539838431470963269e-02
-9.317403636903973108e-02 6.166600776633558711e-02 7.123598201425817948e-03
1.262223466576511133e-01 2.552174928835901010e-02 -1.813524871103799072e-03
-1.196486163263237867e-01 6.963562191191861872e-02 -1.123342969718336970e-02
1.167342123333012793e-01 1.132743779928732132e-02 -2.093773811478760738e-02
-1.361541877104048559e-01 7.523165912606781525e-02 -3.069586228521815202e-02
9.567812891103603945e-02 -1.190819826386100904e-03 -4.028411051235322032e-02
-1.417510537972839213e-01 7.676239148524222067e-02 -4.946708422615158501e-02
6.482399086412322931e-02 -9.965168325222100928e-03 -5.803092816585257718e-02
-1.374219722786635955e-01 7.319194610943478840e-02 -6.578186257398214998e-02
2.784496439979547433e-02 -1.365073327003732059e-02 -7.255299567219652968e-02
-1.258301391792963353e-01 6.427347976731047352e-02 -7.822746066726073144e-02
-1.035686969277922233e-02 -1.174539668840176784e-02 -8.270497050277272888e-02
-1.106925113478681721e-01 5.051532332191673025e-02 -8.595348645404599086e-02
-4.459654466208504142e-02 -4.531398337092437147e-03 -8.795495865833040383e-02
-9.593276170736864117e-02 3.302218756876567490e-02 -8.874963110189360016e-02
-7.038520367760918439e-02 7.112651125138107558e-03 -8.839721018214617698e-02
-8.485822409077778405e-02 1.327419906903492056e-02 -8.700292605062596996e-02
-8.473109756221605671e-02 2.195600815186673355e-02 -8.468379375251114394e-02
-7.954832246506246540e-02 -7.099395398920888174e-03 -8.159243092305443201e-02
-8.660632433740504676e-02 3.863214217387731658e-02 -7.787949173857040830e-02
-8.056243123997929023e-02 -2.652407420490299206e-02 -7.372910622988040896e-02
-7.701418915402603871e-02 5.579368012472619986e-02 -6.929981615392609429e-02
-8.698753934111262687e-02 -4.362516473705339848e-02 -6.478105200222041005e-02
-5.867940712194506109e-02 7.218995976692484107e-02 -6.032276269605357788e-02
-9.677030776389670963e-02 -5.730253561005359264e-02 -5.608924359634363810e-02
-3.545325083773532421e-02 8.667873897424953344e-02 -5.220814040323662475e-02
-1.072275033947296674e-01 -6.674336493600456499e-02 -4.877435578885294665e-02
-1.157938225201360881e-02 9.817269985887033812e-02 -4.587815513801857953e-02
-1.155985669044738151e-01 -7.140036478250183505e-02 -4.351333302325791769e-02
9.033289492639103024e-03 1.055758982141188906e-01 -4.171374879369699196e-02
-1.194874747470742876e-01 -7.093508636647515020e-02 -4.036311610290235080e-02
2.338229752851733040e-02 1.077656349941856495e-01 -3.941764214858591714e-02
-1.171241201553253758e-01 -6.519019665241342076e-02 -3.867999991371079416e-02
2.970526599238965462e-02 1.036630692673412013e-01 -3.802978809012382000e-02
-1.074268245867522065e-01 -5.418076142960601138e-02 -3.724794427784026279e-02
2.755481818176238815e-02 9.245113758494651057e-02 -3.616206862058813504e-02
-8.999769867276265212e-02 -3.815628735710219904e-02 -3.458830428043863786e-02
1.766422161539668578e-02 7.385130199994283107e-02 -3.236118150192324183e-02
-6.514562120479139296e-02 -1.771139535441607071e-02 -2.937328222367326797e-02
1.732466637336831311e-03 4.838860283224780817e-02 -2.551931940271731647e-02
-3.397164760777397763e-02 6.099638567411171108e-03 -2.077510786714534610e-02
-1.780939987833653204e-02 1.751172300321682945e-02 -1.512628790488440914e-02
1.558106099853867653e-03 3.170515057749203475e-02 -8.623117980758593717e-03
-3.801412737746318743e-02 -1.648436999037339312e-02 -1.339369612442017216e-03
3.868504460084518787e-02 5.707258396814659379e-02 6.612322475650591301e-03
-5.566330448664257025e-02 -5.072471110269209660e-02 1.509595218571239787e-02
7.414353417370478372e-02 7.989083906712148020e-02 2.394781823462406589e-02
-6.759798734608821191e-02 -8.214686934501479187e-02 3.300023594953702816e-02
1.046379163096435305e-01 9.785233110282837155e-02 4.205354311981899379e-02
-7.115088712615985633e-02 -1.079334528498244322e-01 5.093012570115224708e-02
1.274131668808874962e-01 1.089830538893438866e-01 5.941819116798152667e-02
-6.463879908871771052e-02 -1.259009174591071423e-01 6.734168561129577624e-02
1.407808684714820513e-01 1.119567290216367389e-01 7.450805053275924572e-02
-4.782182227183503359e-02 -1.347750700303410321e-01 8.075000398884574215e-02
1.444854371894513656e-01 1.063401485041402666e-01 8.592739729873184740e-02
-2.219597707566667993e-02 -1.343099576009685325e-01 8.989895115025144101e-02
1.397950287590036256e-01 9.270498621249217974e-02 9.260420244704717363e-02
8.979318456697129788e-03 -1.252504159829596064e-01 9.395797612766618179e-02
1.292898418626286516e-01 7.256617505831960968e-02 9.399411412149286105e-02
4.102913224029312161e-02 -1.091486692196934061e-01 9.271678760865439961e-02
1.163770782640749513e-01 4.814199114562722065e-02 9.025306628764807881e-02
6.860262246220742710e-02 -8.808075291329738044e-02 8.671433423071452096e-02
1.046264202209535865e-01 2.196842385227004701e-02 8.230133190789751252e-02
8.671208785920918316e-02 -6.432692706246125047e-02 7.721418731467491470e-02
9.705167903731266865e-02 -3.537061088064876336e-03 7.168906595092124079e-02
9.182698034452024816e-02 -4.007302849278474716e-02 6.595659877087034495e-02
9.550301673544676906e-02 -2.643202299538188055e-02 6.023886075888173347e-02
8.270302682683208784e-02 -1.718321150511785758e-02 5.473305591348374272e-02
1.002796847786902174e-01 -4.543040850280217341e-02 4.959993062292811228e-02
6.064965685869316836e-02 2.922122907358179564e-03 4.495105413724975740e-02
1.100689771330210925e-01 -5.989440707433951738e-02 4.085965288825026132e-02
2.918614400363034322e-02 1.928124961091622763e-02 3.734446457425998067e-02
1.222327791521828355e-01 -6.970099777970546751e-02 3.439083260705542294e-02
-6.767912914818490118e-03 3.132636724501060982e-02 3.194088468386341306e-02
1.333775032433786867e-01 -7.507373134930860059e-02 2.991238706801430461e-02
-4.190578480175344983e-02 3.878255197933904580e-02 2.819738448852143059e-02
1.400649900301326189e-01 -7.644614078897135623e-02 2.667343109655422040e-02
-7.148702306887849689e-02 4.158277422939433976e-02 2.520483746953762830e-02
1.395206461789721963e-01 -7.437108879128626060e-02 2.365782549095571397e-02
-9.205662153211421894e-02 3.983098227248841466e-02 2.189220372078934038e-02
1.301570886409434691e-01 -6.949532287379464601e-02 1.978430377266165649e-02
-1.018475786679172018e-01 3.381077777371105375e-02 1.721173723066716024e-02
1.118240228457327012e-01 -6.257140956060279480e-02 1.407519358694628298e-02
-1.008395434538533059e-01 2.404151144298500090e-02 1.029456773780527273e-02
8.574337223928285567e-02 -5.448437013348721852e-02 5.807441820514631925e-03
-9.052741406862621631e-02 1.135480130386024196e-02 5.919422591231431139e-04
5.418306756443914268e-02 -4.626792808495733267e-02 -5.365671772201525622e-03
-7.350260410640790942e-02 -3.051108556015493922e-03 -1.201546978637049214e-02
1.996136136052247337e-02 -3.907639456891198737e-02 -1.930586089356137874e-02
-5.298081116460034296e-02 -1.761985323247321905e-02 -2.711477469809679686e-02
-1.405169547297738068e-02 -3.409075702882493480e-02 -3.531630009578311941e-02
-3.234244276317368300e-02 -3.055617041931525321e-02 -4.372955757085397049e-02
-4.529483590981716462e-02 -3.235969289391613102e-02 -5.216578402398474451e-02
-1.475849619683690037e-02 -4.008945976530814415e-02 -6.040626714259948044e-02
-7.169159562956944898e-02 -3.459714068040066481e-02 -6.823857697432636482e-02
-2.879191033017453483e-03 -4.483495318134252811e-02 -7.543809777551760409e-02
-9.168874574480559425e-02 -4.098101309586769936e-02 -8.181628948239123844e-02
1.432120491062227174e-03 -4.414498089639798395e-02 -8.718101384975388002e-02
-1.042925595252478937e-01 -5.099320237094127212e-02 -9.140844855752225384e-02
-2.661835652761462920e-03 -3.832750337664495022e-02 -9.437722011900256947e-02
-1.091864354640439544e-01 -6.338155283473148605e-02 -9.604421337352969656e-02
-1.478172795160750952e-02 -2.865647402166604171e-02 -9.638563573629931047e-02
-1.069036834861387258e-01 -7.625865955505498062e-02 -9.543087360051986934e-02
-3.324223918038667069e-02 -1.714896958750131498e-02 -9.325923540574780624e-02
-9.893473772302691094e-02 -8.733550920132725215e-02 -8.995353001030570450e-02
-5.512927206164724980e-02 -6.182534289334763559e-03 -8.567668340224392221e-02
-8.764451549809230968e-02 -9.426274989759431122e-02 -8.054946905501646215e-02
-7.659215314199817326e-02 1.944780094400040205e-03 -7.478640508278383559e-02
-7.595491137088289380e-02 -9.501587898341556926e-02 -6.853407318398545278e-02
-9.335994476196637915e-02 5.410703644115654257e-03 -6.201775568214579898e-02
-6.683011847010907058e-02 -8.826378185594715986e-02 -5.539672277576671716e-02
-1.014237502270073921e-01 3.152262672384454397e-03 -4.887019557417166676e-02
-6.267773887634160712e-02 -7.364522727370124977e-02 -4.259324490653725731e-02
-9.778650702157679064e-02 -5.001994503212021589e-03 -3.671459482293869259e-02
-6.480344962644409013e-02 -5.189489933391588927e-02 -3.135253859583629621e-02
-8.113418662433462270e-02 -1.836018447398226824e-02 -2.658599106710423168e-02
-7.305422727533668337e-02 -2.478772460508348388e-02 -2.246186934340056035e-02
-5.227143566571814531e-02 -3.553554181229780229e-02 -1.897585356107676577e-02
-8.576069113529269372e-02 5.107150446359782006e-03 -1.609266282453591934e-02
-1.416930735813512476e-02 -5.470627694919671935e-02 -1.372897602839634468e-02
-1.000036286481602865e-01 3.484707667505172746e-02 -1.177731203686306106e-02
2.847542637343711963e-02 -7.388870953672137254e-02 -1.008070781573952926e-02
-1.121817941596304213e-01 6.158666794708792663e-02 -8.495419598549854359e-03
7.011528703959855890e-02 -9.119509725859070715e-02 -6.821704823749463222e-03
-1.187611606670058578e-01 8.299124954500741724e-02 -4.924102646157050255e-03
1.054575028139514981e-01 -1.049982758466284360e-01 -2.610318281644312399e-03
-1.170338804858593318e-01 9.747829096931402704e-02 2.163492918758652586e-04
1.305181070980018232e-01 -1.140186933914618533e-01 3.686912885816823627e-03
-1.056907798830256373e-01 1.042514095543423946e-01 7.847589896530332912e-03
1.433232869899085105e-01 -1.173425620794733421e-01 1.272698595895747214e-02
-8.509902392939118487e-02 1.031854736810054185e-01 1.832041068161671324e-02
1.440900619509777603e-01 -1.144072898913700287e-01 2.455030705077075950e-02
-5.723908109952487860e-02 9.464981260215703240e-02 3.135850039208617351e-02
1.349235215827376544e-01 -1.049853425426765935e-01 3.858424628371897452e-02
-2.532599922003197362e-02 7.935812828294117049e-02 4.612016353164918869e-02
1.191824137640715153e-01 -8.919094112069909930e-02 5.376100929353529179e-02
6.787740800747668266e-03 5.827695895468636839e-02 6.135590603241228985e-02
1.007266884242515176e-01 -6.750743530148256566e-02 6.868632539313655749e-02
3.530554597714918863e-02 3.261121349296056127e-02 7.557341336173709068e-02
8.321633380610707342e-02 -4.081627129093734485e-02 8.181194249648250649e-02
5.713291593300771215e-02 3.830641131009644186e-03 8.722352016671069963e-02
6.958997250902822229e-02 -1.041972951108332927e-02 9.163512417206828853e-02
7.035792392379329463e-02 -2.629553522109111252e-02 9.490407016181980071e-02
6.176588856759471224e-02 2.196832361831023428e-02 9.690983481414017220e-02
7.446971588587338042e-02 -5.569465324318459420e-02 9.757938617971206874e-02
6.055420267416261604e-02 5.428029017215512536e-02 9.686993999909032649e-02
7.028832626393465011e-02 -8.205824989885353304e-02 9.480099033802752428e-02
6.571818657098806027e-02 8.421698892038737005e-02 9.143004406029328623e-02
5.965276692087050775e-02 -1.030132449752850787e-01 8.687323570259222749e-02
7.609633153985843890e-02 1.094428174211962423e-01 8.129088317413982190e-02
4.498479746425768089e-02 -1.164051652537700654e-01 7.487528772142265643e-02
8.972485233808384641e-02 1.278678484547951244e-01 6.785666806170988219e-02
2.888197431383932728e-02 -1.206298691333649448e-01 6.046621748580002786e-02
1.039637656258026177e-01 1.379779822586066074e-01 5.294072084318385274e-02
1.383375118395567364e-02 -1.149630998375651275e-01 4.549982564690013137e-02
1.156957115844430423e-01 1.391246853867963706e-01 3.832529777172939689e-02
2.059836131678329484e-03 -9.977407949835245815e-02 3.158794524008289722e-02
1.216778380811063959e-01 1.317032892362305085e-01 2.538209532133962540e-02
-4.626026339244271660e-03 -7.655050733144394548e-02 1.980495619942192892e-02
1.190354606319794506e-01 1.171267899039206695e-01 1.486118618950368030e-02
-5.026036805220691558e-03 -4.773292779883617221e-02 1.057126666513910802e-02
1.058180090718395944e-01 9.759539949256447466e-02 6.873998522812210278e-03
1.184413663314557623e-03 -1.638538037395329341e-02 3.724019780728657358e-03
8.149118325651449890e-02 7.572451360230665618e-02 1.020564320230522067e-03
1.323424463044373979e-02 1.423753908479511929e-02 -1.327947913807572041e-03
4.722158043892245999e-02 5.412504082747793960e-02 -3.441527649898682394e-03
2.918437822363668596e-02 4.115018964552348557e-02 -5.435844773987680810e-03
5.856201832507151872e-03 3.502159391761439089e-02 -7.435581497066153997e-03
4.608798868024642503e-02 6.204186031536175483e-02 -9.560332640101081025e-03
-3.843638695027398050e-02 1.997132321727080814e-02 -1.192585217529358414e-02
6.040483501327418431e-02 7.555988454337651816e-02 -1.463825990504239762e-02
-8.081861290552984356e-02 9.720857036016163424e-03 -1.778833743761007793e-02
6.862643270037460663e-02 8.142422539993116049e-02 -2.145107597775426297e-02
-1.166136080936412134e-01 4.215727523992694563e-03 -2.567452608043886697e-02
6.800854500259283231e-02 8.036054977134257649e-02 -3.048099732591689343e-02
-1.421474325740247624e-01 2.752740820238882072e-03 -3.586057585043987000e-02
5.725633633746569917e-02 7.387403084257655739e-02 -4.175904480300776656e-02
-1.554267691401080564e-01 4.237253931916247149e-03 -4.810125684473889884e-02
3.697798305670923352e-02 6.391708207653007401e-02 -5.474147328780235022e-02
-1.565005073210304631e-01 7.476904481458331031e-03 -6.154460211675762127e-02
9.740326445764162233e-03 5.252556034717555805e-02 -6.828378484387102876e-02
-1.474120643654154850e-01 1.142599178910091128e-02 -7.478153179703768416e-02
-2.034918401745399244e-02 4.150620839801132111e-02 -8.077455094959301585e-02
-1.317342854458496137e-01 1.531020086792170276e-02 -8.608151999209714966e-02
-4.845459020992026744e-02 3.223823672042840094e-02 -9.046961322056153165e-02
-1.137832863495836927e-01 1.861233887505442386e-02 -9.378977276645664163e-02
-6.999547998625679779e-02 2.562462863739826263e-02 -9.589489560022997072e-02
-9.770818132779990339e-02 2.097780064780703849e-02 -9.670155840295616145e-02
-8.153358353707990114e-02 2.216385466741159493e-02 -9.617106029086508467e-02
-8.669329046048952769e-02 2.211284120946030440e-02 -9.430476847541173491e-02
-8.136048528814930625e-02 2.206889202455471904e-02 -9.116097488374035052e-02
-8.245342820855400268e-02 2.173927172260182658e-02 -8.682424133023428081e-02
-6.969491775199454509e-02 2.536532136845721583e-02 -8.142256084613148925e-02
-8.509517419336620758e-02 1.962081382446434832e-02 -7.510188311589548193e-02
-4.851666149873824774e-02 3.191776022588323214e-02 -6.803435922072600950e-02
-9.330701951589519261e-02 1.564406754364990396e-02 -6.040119032561786644e-02
-2.111307653464189818e-02 4.139113589150000133e-02 -5.240145827542270346e-02
-1.047725537203101631e-01 9.916798623023900805e-03 -4.421421006415937605e-02
8.545350371813736218e-03 5.315956526131346283e-02 -3.604988873488047113e-02
-1.166742391282294539e-01 2.850307894371020660e-03 -2.805918045400942681e-02
3.648323450770341730e-02 6.622177119338011619e-02 -2.044019431375169310e-02
-1.261743248634344672e-01 -4.799824414437734409e-03 -1.329842968204728373e-02
5.930480375698526929e-02 7.915073531060602685e-02 -6.784454064663900628e-03
-1.307985375398577066e-01 -1.196467920709439782e-02 -9.608223152410154313e-04
7.461487745235967362e-02 9.012992926312921038e-02 4.105872227832560103e-03
-1.286608804375063142e-01 -1.735484225256097093e-02 8.396292440010062752e-03
8.122420571706295833e-02 9.712140816093244033e-02 1.195360732950928248e-02
-1.185692444758929126e-01 -1.963092070177871809e-02 1.480278079503774720e-02
7.915856523952452539e-02 9.815244576891626882e-02 1.709222503970905110e-02
-1.000742940013654714e-01 -1.762858517704254252e-02 1.889394605860679477e-02
6.951944228937505244e-02 9.169923426714102210e-02 2.042256696013977635e-02
-7.355321143998647115e-02 -1.059689070393489939e-02 2.178946278990998367e-02
5.427917641989746245e-02 7.707277896761954850e-02 2.321750421439061282e-02
-4.033029699930663903e-02 1.591192995493635179e-03 2.483478328178597219e-02
3.604834248773143568e-02 5.468341396273951327e-02 2.681402686828140633e-02
-2.762124544832206610e-03 1.832049604473410739e-02 2.925220801767249371e-02
1.783737135032164786e-02 2.609323008753523451e-02 3.224201417537418679e-02
3.587339882847276340e-02 3.824006884064682504e-02 3.581636067406165913e-02
2.764699116049582940e-03 -6.183572357076790905e-03 3.998112415885729520e-02
7.176222746803795349e-02 5.941084605936879787e-02 4.468731969231919815e-02
-6.315908080368241861e-03 -3.906897635620205228e-02 4.986364118885989322e-02
1.011885888981210319e-01 7.956729004564720709e-02 5.539400737154146631e-02
-7.267579896331410709e-03 -6.939239130219847229e-02 6.114516832878076624e-02
1.212520192323333773e-01 9.644177923501021099e-02 6.695801647680470203e-02
8.621177801458541944e-04 -9.433594378850336526e-02 7.264853274667885941e-02
1.304689743343724340e-01 1.080950319295176792e-01 7.805025065452204924e-02
1.747675135060601168e-02 -1.117722326045618719e-01 8.295270335108009818e-02
1.290988351380689125e-01 1.131859815912094752e-01 8.719979288338298995e-02
4.029751226250939677e-02 -1.204604545584204711e-01 9.058685041564373819e-02
1.191049746733521819e-01 1.111366986853732641e-01 9.298892919329362905e-02
6.553897430425149884e-02 -1.200953279293284076e-01 9.424597129710550469e-02
1.037594686281820000e-01 1.021618664373436514e-01 9.427845495002379339e-02
8.844190254046188637e-02 -1.112157360549283908e-01 9.300676947717712029e-02
8.698896438884773374e-02 8.715789615362871945e-02 9.041207606667921171e-02
1.041123324184129312e-01 -9.501520796575799177e-02 8.651573697444792099e-02
7.259458299816479165e-02 6.747794414522970130e-02 8.137480087010397212e-02
1.085198951826034791e-01 -7.310387432747721126e-02 7.511249911688411274e-02
6.351895198181201074e-02 4.465108693649114807e-02 6.786569819194195052e-02
9.942513720457435422e-02 -4.728092441284239417e-02 5.983516744845701618e-02
6.130675982147799907e-02 2.013568215289109758e-02 5.121994688838772680e-02
7.695458525091569690e-02 -1.936095116196444657e-02 4.225594419185543793e-02
6.586602579972347660e-02 -4.810981737095347197e-03 3.316587603610591378e-02
4.362062327749494789e-02 8.921248107235976721e-03 2.417323516736119560e-02
7.557164394540435981e-02 -2.912008403351312377e-02 1.547969880574666043e-02
3.765914272227784132e-03 3.593142221106111756e-02 7.256909326810770909e-03
8.767505610932557758e-02 -5.180538594519787376e-02 -3.464028209261098539e-04
-3.738263043079341486e-02 6.011042252948502196e-02 -7.231599476588803158e-03
9.891330669406742104e-02 -7.185940564004099362e-02 -1.332022672222875175e-02
-7.475198552023748499e-02 7.995907532578808152e-02 -1.859434894001829250e-02
1.061735749641708887e-01 -8.821829215244639255e-02 -2.304432196570798536e-02
-1.042872042057344240e-01 9.407437751348846078e-02 -2.671656821219232925e-02
1.070618820613361694e-01 -9.985134533093859011e-02 -2.966340953397974406e-02
-1.234887699024298652e-01 1.012447992294229215e-01 -3.197695549967513595e-02
1.002797149159725815e-01 -1.059243685774797911e-01 -3.376468798244008918e-02
-1.315819913792038443e-01 1.006217436584946751e-01 -3.514082264000080447e-02
8.577096269625879288e-02 -1.059902588030730425e-01 -3.625676711738728963e-02
-1.293766823365514462e-01 9.190887809288382504e-02 -3.722781533931785597e-02
6.463440624687882829e-02 -1.001557733965404012e-01 -3.822661812352197430e-02
-1.189345676289212117e-01 7.552955968423689936e-02 -3.935534712425751980e-02
3.884791896902541064e-02 -8.916278402341909493e-02 -4.077691376836654197e-02
-1.031328059936658381e-01 5.272583476125049240e-02 -4.256765081025262049e-02
1.089485062080867463e-02 -7.436390096220397983e-02 -4.484413331008861581e-02
-8.521819552871987002e-02 2.554004215422994023e-02 -4.763948850425753917e-02
-1.661639287503935067e-02 -5.758488172445977438e-02 -5.099073437508414020e-02
-6.841012844280698613e-02 -3.350873909905395694e-03 -5.486481269097580327e-02
-4.125462382911061765e-02 -4.088725545920741944e-02 -5.920058388540784533e-02
-5.556704977033952164e-02 -3.095593033706854971e-02 -6.388074867383237987e-02
-6.095082894039911825e-02 -2.626718453109989221e-02 -6.875120424976266520e-02
-4.889790318968878502e-02 -5.441497388424480774e-02 -7.361672224040512191e-02
-7.410125814436531455e-02 -1.534664379437620726e-02 -7.826104863838391490e-02
-4.969652667994813727e-02 -7.148452169721702942e-02 -8.245399079976917234e-02
-7.968151107647382381e-02 -9.122052752139106491e-03 -8.596389877387951295e-02
-5.810763280606436737e-02 -8.093961725095033533e-02 -8.859277691091618778e-02
-7.743948691867251488e-02 -7.823572392532554196e-03 -9.014443145814914071e-02
-7.297661833347003635e-02 -8.274967541958876127e-02 -9.051223506330977053e-02
-6.812203947185678510e-02 -1.089372140328840124e-02 -8.957093294415892359e-02
-9.185352775775521006e-02 -7.799181645572948740e-02 -8.732591929418789811e-02
-5.358022560848361981e-02 -1.711248406325940538e-02 -8.374230843802775437e-02
-1.112090947947723257e-01 -6.854733468072136959e-02 -7.891945395817193121e-02
-3.660958246790795012e-02 -2.482470669383736450e-02 -7.291605484751366439e-02
-1.268840931036228636e-01 -5.668644201502243130e-02 -6.588659246772558820e-02
-2.049524226416344491e-02 -3.223308269042441526e-02 -5.797192322109496337e-02
-1.347369573745497151e-01 -4.465967615692711945e-02 -4.935146480754735998e-02
-8.367150993712952484e-03 -3.769716143572938993e-02 -4.022525858441456520e-02
-1.314007218112356323e-01 -3.437189326488888919e-02 -3.077613136246412293e-02
-2.531629278399273771e-03 -3.999132318839607181e-02 -2.122986635321474566e-02
-1.149963545297867096e-01 -2.718823029546048667e-02 -1.176365557501760431e-02
-3.950535341260523123e-03 -3.847888253235974554e-02 -2.594384378409762219e-03
-8.564525218250852723e-02 -2.386711541685315741e-02 6.115511414977758443e-03
-1.199907289862128280e-02 -3.316980347116679079e-02 1.418774408000985851e-02
-4.563867989097598887e-02 -2.460319634451083731e-02 2.149313171928826996e-02
-2.456463747776949785e-02 -2.465656815575024974e-02 2.791412551930569363e-02
8.184358078801969374e-04 -2.914564538062950835e-02 3.338483299058203624e-02
-3.847997197068939862e-02 -1.395002665582128175e-02 3.786219544151660232e-02
4.828409113800227748e-02 -3.694252685026706839e-02 4.136540568154057490e-02
-5.019798909560209410e-02 -2.246180935559018675e-03 4.393628871487281762e-02
9.107844260863252883e-02 -4.724794197226260539e-02 4.568679334642801459e-02
-5.655801701221694483e-02 9.292220950253664291e-03 4.674433436900696237e-02
1.243742750021967630e-01 -5.917786996795582066e-02 4.728500908241517475e-02
-5.546201902415006518e-02 1.967182103410302502e-02 4.750060166482331092e-02
1.451304941976511720e-01 -7.169192978802831073e-02 4.757608940984314749e-02
-4.627253429928158274e-02 2.808635635385742929e-02 4.772439505962589035e-02
1.525860099248491086e-01 -8.354908777993452773e-02 4.808237172947205790e-02
-2.989273617730933350e-02 3.383232903191004531e-02 4.882658658747532354e-02
1.481935910405122736e-01 -9.329595117612135557e-02 5.001273821345267323e-02
-8.532906606429637233e-03 3.620558683056151333e-02 5.173343142967667951e-02
1.350765252584841536e-01 -9.933512623723085577e-02 5.396169112254748518e-02
1.474245439654924689e-02 3.446921027865977594e-02 5.668732726775937980e-02
1.172325610113471861e-01 -1.000860690692625815e-01 5.981904870834742205e-02
3.657759613651169472e-02 2.793668063346123331e-02 6.325656639918478263e-02
9.873319540118720428e-02 -9.421668299751942421e-02 6.686881462181247515e-02
5.388985660147690981e-02 1.614992884603423315e-02 7.049752127400779611e-02
8.308882989218904780e-02 -8.090232829286515825e-02 7.398739068532390883e-02
6.435088684477241472e-02 -9.096756896842055594e-04 7.715854095074251018e-02
7.285193652844540457e-02 -6.006067481634787264e-02 7.985139155707925152e-02
6.669894258162928358e-02 -2.264169486555335856e-02 8.189653079702949312e-02
6.943326193291815551e-02 -3.250688703977262783e-02 8.314984374792702693e-02
6.084185412565576434e-02 -4.773120346002567016e-02 8.347575406256679820e-02
7.309359901377698865e-02 1.247595741669824078e-05 8.276746185116432009e-02
4.775815397060365758e-02 -7.417440218358475890e-02 8.094157984913140369e-02
8.303702376412366859e-02 3.493137528369967548e-02 7.794782983010949129e-02
2.924987948409107225e-02 -9.944043229075781587e-02 7.377136673578360559e-02
9.755831410468111808e-02 6.913443076682833366e-02 6.843001642335073964e-02
7.630268969265912270e-03 -1.207595924488668038e-01 6.199225217902964991e-02
1.141898768026810285e-01 9.934722946724104664e-02 5.454366020224493683e-02
-1.458608579021784465e-02 -1.355162296805703936e-01 4.624041933213120931e-02
1.298702981216110497e-01 1.225941566625663171e-01 3.722365422184902017e-02
-3.492957040638565436e-02 -1.416694405743472440e-01 2.772149027402160196e-02
1.411958498861637101e-01 1.366448537986419687e-01 1.791106958635764121e-02
-5.116737494022817467e-02 -1.381006328318985787e-01 8.054427892029330030e-03
1.448222662457637477e-01 1.403540157572167324e-01 -1.662222537397143587e-03
-6.149795568190111195e-02 -1.248082943000793921e-01 -1.099380013549781758e-02
1.380213051916580613e-01 1.338007144515263036e-01 -1.977496388375000677e-02
-6.479425462110528777e-02 -1.029013629761730553e-01 -2.782186213483406681e-02
1.192980461206814002e-01 1.182022454234230996e-01 -3.501749669764381984e-02
-6.088014402928055430e-02 -7.440382836357527230e-02 -4.126055046970932005e-02
8.888780244477394177e-02 9.563169515545327792e-02 -4.650394018157788523e-02
-5.073803938903905658e-02 -4.192781824009479685e-02 -5.073499910678526403e-02
4.896281669762957145e-02 6.864096855057522095e-02 -5.397971426646634707e-02
-3.652504242313577704e-02 -8.289980702204985744e-03 -5.629940774323712038e-02
3.427290112651275832e-03 3.986741417521822567e-02 -5.778537457974233099e-02
-2.132206741483345241e-02 2.383836948277055084e-02 -5.855365811241728530e-02
-4.267835580694141762e-02 1.171411508227360870e-02 -5.874008571813541663e-02
-8.616439151940283314e-03 5.221623380528021136e-02 -5.849321084694655837e-02
-8.404525667129041089e-02 -1.385026710166101585e-02 -5.797141467371625528e-02
-1.611791115034148011e-03 7.521960816592825061e-02 -5.732935900358882703e-02
-1.160485687122746468e-01 -3.537306648986294350e-02 -5.672756352626155685e-02
-2.513312115475056351e-03 9.191700506738761933e-02 -5.629525768942551106e-02
-1.355824261856648505e-01 -5.189617665606901381e-02 -5.617496142598614461e-02
-1.195551213575441786e-02 1.020401004008433671e-01 -5.643549968613646717e-02
-1.416041608974290267e-01 -6.286711473188645594e-02 -5.717617293864008660e-02
-2.872779793279109026e-02 1.058717090803584226e-01 -5.838439788675343911e-02
-1.352738143392761827e-01 -6.802141944023383513e-02 -6.009096216852539973e-02
-4.990202960109975383e-02 1.040957722771223282e-01 -6.219441059051105530e-02
-1.196639103529574671e-01 -6.729575895315217937e-02 -6.463192662086897355e-02
-7.138382183751285082e-02 9.763609054771338336e-02 -6.723364952317044396e-02
-9.909920848503919744e-02 -6.082657886771151295e-02 -6.984163179739198701e-02
-8.877102659839017362e-02 8.753724455682194983e-02 -7.225869989259629811e-02
-7.826742077877421599e-02 -4.904198697803639068e-02 -7.426398242105383685e-02
-9.828690843505587249e-02 7.490830785865912333e-02 -7.567917727003216355e-02
-6.130545971723039972e-02 -3.279481904060127517e-02 -7.628482769533477537e-02
-9.752386202973398199e-02 6.094737283689278390e-02 -7.595977367309668382e-02
-5.108007950041297540e-02 -1.343872374519319152e-02 -7.454795233142688660e-02
-8.581925742490997822e-02 4.696079694046827180e-02 -7.200011875342490764e-02
-4.881523092879751918e-02 7.204217288453955773e-03 -6.825748844023371564e-02
-6.423376283391792063e-02 3.434300758417333649e-02 -6.334587251602637192e-02
-5.410099522406121297e-02 2.703408615746797847e-02 -5.730325711694050222e-02
-3.522097304322831940e-02 2.447258589884469468e-02 -5.022645479523018403e-02
-6.520159683614598634e-02 4.397287434209472268e-02 -4.222734738881765010e-02
-2.119144177484278031e-03 1.852497750027827170e-02 -3.346330580382896741e-02
-7.951792005606321545e-02 5.630555044172569357e-02 -2.409332965389842859e-02
3.142103968327312341e-02 1.725748234607124565e-02 -1.431554874039399350e-02
-9.407690154022270435e-02 6.297623494330649441e-02 -4.318860961541286583e-03
6.196352937464689320e-02 2.080173050973742332e-02 5.686718199013087588e-03
-1.059664969496052628e-01 6.376710126769133402e-02 1.549206897794059602e-02
8.671107669767941228e-02 2.853506060845468345e-02 2.490973605625730267e-02
-1.126679926434559775e-01 5.933829857332290764e-02 3.372168476463936748e-02
1.037879725507026701e-01 3.907071897062623644e-02 4.179268758831999192e-02
-1.122811500177123417e-01 5.111357332258071456e-02 4.892058669718937769e-02
1.123845303264263684e-01 5.039184163285088947e-02 5.504318252504878523e-02
-1.036607314537883462e-01 4.103784647646181033e-02 6.001384316699231308e-02
1.127574813972681278e-01 6.013225743993420164e-02 6.385173778135878886e-02
-8.652358006626489906e-02 3.125053048851899468e-02 6.650824805494873204e-02
1.061380868839216091e-01 6.598045726700942082e-02 6.808106167731983738e-02
-6.154473138092313167e-02 2.373561904121262653e-02 6.864287442606363532e-02
9.455551941847788189e-02 6.612938555436706500e-02 6.835517258361185899e-02
-3.046720635847862887e-02 2.000422864215556373e-02 6.739392409794882355e-02
8.060459095134912821e-02 5.965871187749887533e-02 6.595569620719715642e-02
3.874136453051089946e-03 2.086835644085095406e-02 6.426124496099677730e-02
6.716670504951770260e-02 4.673200972811932669e-02 6.250102566591467235e-02
3.775212042433894605e-02 2.634477118596215139e-02 6.086941467732703143e-02
5.707342108132716640e-02 2.854509389889789070e-02 5.950732339232972512e-02
6.706145184851772245e-02 3.570497796385226769e-02 5.853362579339018573e-02
5.270418211882740844e-02 7.056688760168817846e-03 5.800902287883126507e-02
8.808389340122911582e-02 4.765373489738095741e-02 5.796473199854635522e-02
5.554322977768955116e-02 -1.539495741650692348e-02 5.837330009746992399e-02
9.828969390765271430e-02 6.058566950965801196e-02 5.919409870136533441e-02
6.577602117909450707e-02 -3.647382106323360240e-02 6.032698162198217584e-02
9.692242747470451725e-02 7.285508857036550323e-02 6.167931288039091298e-02
8.205038865689066874e-02 -5.415139133886789219e-02 6.310481815486400359e-02
8.519479952969125081e-02 8.299337726300498597e-02 6.447980212206191886e-02
1.015084710663638479e-01 -6.689873954207778417e-02 6.564273093390937674e-02
6.604980393789330884e-02 8.985547786131936610e-02 6.645266096615506934e-02
1.201579981635035183e-01 -7.375369232711395662e-02 6.676233277279107481e-02
4.355378554235807276e-02 9.267586859406942712e-02 6.643220775862661298e-02
1.335326705631434963e-01 -7.430441935831061384e-02 6.534178588211562999e-02
2.206895013287643245e-02 9.104401312128411472e-02 6.336836515320018459e-02
1.375561070255877372e-01 -6.859366107982640959e-02 6.043495633311649767e-02
5.408139842637222326e-03 8.483378615649384002e-02 5.646407501778812066e-02
1.294241114318699093e-01 -5.701539188860985791e-02 5.143280215602369365e-02
-3.859393026474459368e-03 7.410419832424776365e-02 4.532851447738281414e-02
1.082998997795724533e-01 -4.021490940715217316e-02 3.819850758581044142e-02
-4.807174292929852245e-03 5.903499899069897250e-02 3.011351827146458576e-02
7.561088599591711534e-02 -1.904361333158685610e-02 2.120183230577517633e-02
1.799286812682662686e-03 3.991949613473542990e-02 1.162187136319837652e-02
3.482879455507916638e-02 5.434696799298146044e-03 1.579835153595626589e-03
1.379605594569047362e-02 1.725621081912313143e-02 -8.697789626473521538e-03
-9.234822407910334152e-03 3.190966071359016554e-02 -1.896383557019368574e-02
2.815538463829382956e-02 -8.094277979510709070e-03 -2.896327739784702177e-02
-5.143735748996110940e-02 5.878567221317817365e-02 -3.845534738730276708e-02
4.160928690751258124e-02 -3.478020857864672771e-02 -4.721207392329859059e-02
-8.731128110153540955e-02 8.418482283300392222e-02 -5.504673932013368076e-02
5.124227583547460302e-02 -6.094886084789272185e-02 -6.181148064436290529e-02
-1.137752097157107845e-01 1.060307232379615605e-01 -6.739932160894522573e-02
5.494812425837931891e-02 -8.441238919361704340e-02 -7.177367232965496668e-02
-1.294310894552816726e-01 1.222223746160397695e-01 -7.490773381089896321e-02
5.169192894827847468e-02 -1.029627316267126419e-01 -7.687630012399841728e-02
-1.344975356484438556e-01 1.308839074630244181e-01 -7.771926041079439684e-02
4.156824116630701560e-02 -1.147435099169252098e-01 -7.759620100648410845e-02
-1.305142673474321002e-01 1.306509766582399368e-01 -7.659781788509145706e-02
2.568523171884430634e-02 -1.185751547822390395e-01 -7.492540668051071717e-02
-1.199469991748600417e-01 1.209371290062482701e-01 -7.270613477545703751e-02
5.929581989284706846e-03 -1.141611980376154023e-01 -7.014675758596695954e-02
-1.057752963196412210e-01 1.021200377197519493e-01 -6.739834363182492516e-02
-1.532559898273966326e-02 -1.021338203948386480e-01 -6.463845332451169379e-02
-9.111246205379253116e-02 7.560503124154009658e-02 -6.201579564133388733e-02
-3.552044945486127620e-02 -8.395259051949378881e-02 -5.965971800258223351e-02
-7.887681444096247829e-02 4.372172218068717114e-02 -5.768442768651396713e-02
-5.217806353844074013e-02 -6.167680657278073325e-02 -5.615579681620368191e-02
-7.150230088411448082e-02 9.451206000669797741e-03 -5.512140514817259057e-02
-6.312675237057939481e-02 -3.766341283151662667e-02 -5.457183199246613131e-02
-7.067439694603784572e-02 -2.398862064903523744e-02 -5.447318639522807232e-02
-6.670210933134901321e-02 -1.423304279852649970e-02 -5.473167333418191977e-02
-7.708541833815324429e-02 -5.361547545968479989e-02 -5.523876069587391191e-02
-6.196802605263451030e-02 6.624912863919875036e-03 -5.582766812320099498e-02
-9.022411234935101554e-02 -7.712679122391080666e-02 -5.634832778031764050e-02
-4.896481226749756221e-02 2.345324486178687259e-02 -5.658738675878952074e-02
-1.082742376222205899e-01 -9.319337987857875816e-02 -5.639101020474159703e-02
-2.893068662226448359e-02 3.540812682824751034e-02 -5.555083816104105371e-02
-1.282014218844434450e-01 -1.015317483015778094e-01 -5.394165636951557541e-02
-4.336931684287604477e-03 4.222887315361462113e-02 -5.142317833726627041e-02
-1.460794074694418687e-01 -1.027423966979605224e-01 -4.791680780022305325e-02
2.138235204862653713e-02 4.413860402176202069e-02 -4.338736137874194682e-02
-1.576733160910832321e-01 -9.802406392564777526e-02 -3.780931955528898936e-02
4.441802959213773244e-02 4.168979429479929832e-02 -3.125681572887085979e-02
-1.591884352938718050e-01 -8.886749208689048718e-02 -2.376727699371017355e-02
6.136655219289502416e-02 3.562885029721271635e-02 -1.549935069619843772e-02
-1.480393045189300483e-01 -7.679220762557367741e-02 -6.555735302506582318e-03
6.997219248256503210e-02 2.679524545048831904e-02 2.858720253760099229e-03
-1.234748030324880341e-01 -6.321481927801970990e-02 1.258351950034659189e-02
6.961483620859021393e-02 1.604011216146550636e-02 2.239970983633936263e-02
-8.689605608758116384e-02 -4.939607777192434046e-02 3.210767524722303590e-02
6.143395016673707659e-02 4.200905733815172259e-03 4.149795117431063357e-02
-4.176935246136065372e-02 -3.645114210778346853e-02 5.036261283025686430e-02
4.804917023315587177e-02 -7.901726318957672315e-03 5.851767982402862611e-02
6.876664105484369717e-03 -2.538451350128178435e-02 6.578376232442424698e-02
3.296698244686369766e-02 -1.945327606350751026e-02 7.202153747103147430e-02
5.330414397445988606e-02 -1.710958514687583448e-02 7.710989749153764061e-02
1.981825713606865172e-02 -2.964070002028562981e-02 8.097582006911939467e-02
9.211886070681989114e-02 -1.242242161920923543e-02 8.357957805093907400e-02
1.159752345263828990e-02 -3.768039840097844179e-02 8.494014627378068671e-02
1.192800672217599889e-01 -1.190983997843662011e-02 8.510473000948791389e-02
1.007533778731272388e-02 -4.289663975483491709e-02 8.419022974514880908e-02
1.328358554978137374e-01 -1.579883881789739472e-02 8.232134152239929670e-02
1.552060076687641552e-02 -4.486349110061509105e-02 7.968951186938787179e-02
1.331868925335858711e-01 -2.378720275085849031e-02 7.647118493867691158e-02
2.676855563582068720e-02 -4.357797789826649976e-02 7.287997737161613920e-02
1.228125686026331626e-01 -3.492096057518355445e-02 6.910750541324078844e-02
4.156691064969883498e-02 -3.960277385152788376e-02 6.533172984552218510e-02
1.055678072931613837e-01 -4.758918824106263962e-02 6.172046492049949179e-02
5.706984483677344372e-02 -3.409528096959602711e-02 5.837910607819671999e-02
8.579896328008358719e-02 -5.967082066803542501e-02 5.542032331753380531e-02
7.035085085462394749e-02 -2.867172987367536813e-02 5.287066592957139627e-02
6.754292309576459541e-02 -6.882153642479560407e-02 5.077149967419922194e-02
7.884554277367256114e-02 -2.512219660034138019e-02 4.908509072583972649e-02
5.397234418721535282e-02 -7.284870381887544044e-02 4.778264135041903476e-02
8.067891087029142871e-02 -2.505119010131063792e-02 4.678168147057970572e-02
4.711688672059173577e-02 -7.010015557035731426e-02 4.599787269024750019e-02
7.486194953353211834e-02 -2.953775757848989270e-02 4.531970149328641562e-02
4.780193910282988512e-02 -5.978868630177318344e-02 4.462791618338149413e-02
6.136055209024856433e-02 -3.889238035473525229e-02 4.379412772853528979e-02
5.571918248967886594e-02 -4.218656292471543306e-02 4.268386582615082275e-02
4.105317505747529266e-02 -5.255464655995578660e-02 4.116776337414278231e-02
6.956371976366576559e-02 -1.864707715963175375e-02 3.911519630857976382e-02
1.559561641661134923e-02 -6.914704209611065300e-02 3.641628981552652577e-02
8.718788256309585594e-02 8.552812581488019109e-03 3.295658208474937234e-02
-1.277958542797059428e-02 -8.667170597959424072e-02 2.867016430122990012e-02
1.057794284531477363e-01 3.652633318440473564e-02 2.348381304293703162e-02
-4.150236295900818634e-02 -1.028220838335352355e-01 1.739734038172073213e-02
1.220846055683151438e-01 6.219652354083857193e-02 1.040427590542305179e-02
-6.793284958212829350e-02 -1.153436625243227792e-01 2.587875112187661402e-03
1.327082625167659569e-01 8.274112519128551391e-02 -5.964643900937714564e-03
-8.964508710221187615e-02 -1.223893680120198418e-01 -1.508541539385212585e-02
1.345551667713076049e-01 9.598122315143201022e-02 -2.458818543737677567e-02
-1.047144448666942063e-01 -1.227748676533945843e-01 -3.423877552046737660e-02
1.254021077021775787e-01 1.006465640203031420e-01 -4.378739176542267159e-02
-1.120099923588813162e-01 -1.160796754918496099e-01 -5.297605085009818304e-02
1.044969431673245797e-01 9.646003768567316949e-02 -6.155268011926699756e-02
-1.114658284994623910e-01 -1.025944056442646829e-01 -6.929109571314540084e-02
7.298257023531516674e-02 8.403850427664219525e-02 -7.600358968743177457e-02
-1.042455937549133932e-01 -8.316895178011930734e-02 -8.153778662241331632e-02
3.394451235365792546e-02 6.466285682971401050e-02 -8.580585661099081329e-02
-9.268769690537528860e-02 -5.903525889563957657e-02 -8.875222543066901837e-02
-8.001473511676196471e-03 4.000984935507972962e-02 -9.038986336786838938e-02
-7.995281130236740752e-02 -3.165739907037153078e-02 -9.075757745167827018e-02
-4.750428251646513639e-02 1.192925925199882567e-02 -8.994835916222222727e-02
-6.941260264230325605e-02 -2.622207906404314115e-03 -8.807319667131754959e-02
-7.946689639348709921e-02 -1.769255092200252080e-02 -8.528022135525556435e-02
-6.392109886864512369e-02 2.643895231608422644e-02 -8.172075907034299924e-02
-1.000019232140141323e-01 -4.698890287915000186e-02 -7.757566027121452767e-02
-6.515318603324518620e-02 5.391140605491817617e-02 -7.300288120596257202e-02
-1.071455697652752143e-01 -7.412228722430555528e-02 -6.819804664752597556e-02
-7.317481823138269337e-02 7.825573905149323106e-02 -6.330836688973115467e-02
-1.011817603874852339e-01 -9.728320141002159971e-02 -5.851747989694208729e-02
-8.635518754112243844e-02 9.807156560028926218e-02 -5.394644929691385510e-02
-8.452160969590097328e-02 -1.147214903093989463e-01 -4.973294777961396324e-02
-1.016642215323717152e-01 1.121690092299655883e-01 -4.596409330773323226e-02
-6.117225256159666835e-02 -1.248375686231154441e-01 -4.269856972033436032e-02
-1.152922091444656544e-01 1.196635966354122199e-01 -3.998338251068600524e-02
-3.591507068869739805e-02 -1.263404422728400256e-01 -3.777823976377529813e-02
-1.234732880623546913e-01 1.200797686504255363e-01 -3.607535081482008549e-02
-1.339388511075649373e-02 -1.184827553715180198e-01 -3.473884349272059191e-02
-1.232975297825042171e-01 1.134539960062621727e-01 -3.369421929242337466e-02
2.707550051800998794e-03 -1.013169417285266632e-01 -3.274331364529963623e-02
-1.132859612569102337e-01 1.004198969722422119e-01 -3.175050128428281992e-02
1.022421200393687502e-02 -7.588945932396107263e-02 -3.050707387882205246e-02
-9.358612719115147471e-02 8.223902001276284235e-02 -2.884996142859662729e-02
8.708075826534327976e-03 -4.427686617465553115e-02 -2.661095668697747996e-02
-6.578499096499673682e-02 6.074752434637826354e-02 -2.365234210588215702e-02
-7.166425822255843413e-04 -9.388859603224844474e-03 -1.988053166374954134e-02
-3.247398801917227712e-02 3.819330620599948461e-02 -1.522995795656713856e-02
-1.576037950108425539e-02 2.542090402468982768e-02 -9.695503569444357400e-03
3.243278146229040641e-03 1.695606862036436180e-02 -3.301859900180779180e-03
-3.347470787334258513e-02 5.685446109694475281e-02 3.869272704979081611e-03
3.820232092432493398e-02 -7.774417812459041496e-04 1.171625727568063359e-02
-5.072679987892494968e-02 8.216208057052647173e-02 2.008157730744416364e-02
6.953696206713669281e-02 -1.333997724024164888e-02 2.881750574981774629e-02
-6.458705899101681303e-02 9.950889639431084732e-02 3.770861485682808212e-02
9.495380250812600342e-02 -1.983351842167573389e-02 4.659068525248211828e-02
-7.261815164818487267e-02 1.081693552128461938e-01 5.522081121154984173e-02
1.129349085814536219e-01 -2.025330108239272939e-02 6.343696722918966413e-02
-7.308865609498850502e-02 1.085309873173739698e-01 7.100390781786621031e-02
1.228658928845176163e-01 -1.546393347442286473e-02 7.777369706338614630e-02
-6.514372997999744175e-02 1.019265126852145209e-01 8.355957021674421947e-02
1.250844415056791836e-01 -7.024817312090279008e-03 8.823893124593042148e-02
-4.894577711607140530e-02 9.034091454122714082e-02 9.170727651260023039e-02
1.208406278357653241e-01 3.107218475043040627e-03 9.388774307786362794e-02
-2.578194538492139393e-02 7.605089126637862296e-02 9.477271569678864804e-02
1.121652086272621612e-01 1.294849528429416197e-02 9.435035686302563340e-02
1.904780384900598604e-03 6.127547177725206629e-02 9.270698979730808420e-02
1.016432721060018668e-01 2.085714621570053731e-02 8.991408543870835213e-02
3.063668172359836073e-02 4.788828666156445812e-02 8.613185286437584354e-02
9.208887053124252542e-02 2.579527139076758305e-02 8.151250413015810603e-02
5.626572684114175549e-02 3.722705994541433694e-02 7.625756474312572752e-02
8.613756657128951444e-02 2.741515129486373284e-02 7.056342846624723275e-02
7.462609694288205309e-02 3.004485702054264865e-02 6.463823130468895894e-02
8.578821959451267409e-02 2.597570314264143615e-02 5.867944655872002480e-02
8.237324199669630864e-02 2.655963984792153801e-02 5.286499781215898280e-02
9.196130551766620864e-02 2.212506107303931213e-02 4.734440853514378100e-02
7.779619492244990719e-02 2.657645539908581878e-02 4.223938800664379239e-02
1.041810918439680378e-01 1.666900355494922367e-02 3.763082594539348541e-02
6.131213794563088876e-02 2.962459775565671680e-02 3.356872769057413913e-02
1.204785295759248365e-01 1.040492102695445183e-02 3.006220538627054142e-02
3.546823903588071369e-02 3.506428563923346536e-02 2.708851744731380004e-02
1.376017544036314544e-01 4.055756246475344245e-03 2.459417087908568819e-02
4.440160734298746227e-03 4.214025142941443813e-02 2.249587096980689219e-02
1.515341912325952056e-01 -1.715753136279977520e-03 2.069158032524176863e-02
-2.682680047568517662e-02 4.998752357876262709e-02 1.905757205835292498e-02
1.582406712985687802e-01 -6.257301535454480937e-03 1.746007139672112879e-02
-5.360195061055732235e-02 5.761390352179848739e-02 1.575696549855763046e-02
1.544955476423145735e-01 -8.886460504876656646e-03 1.380385603291311471e-02
-7.224403068893843483e-02 6.389050753211904243e-02 1.146134953592004360e-02
1.386130397055974073e-01 -8.890442664347309940e-03 8.601103142655833894e-03
-8.078800997498210290e-02 6.757945402464783646e-02 5.108103219324976706e-03
1.109028576957774570e-01 -5.580816290695078848e-03 9.015299434825482534e-04
-7.915509504119226658e-02 6.742004196867852628e-02 -4.083031285582205440e-03
7.371610144794946140e-02 1.596885049627967462e-03 -9.850338398836692988e-03
-6.897561095863005698e-02 6.228547990464572415e-02 -1.638793137505245578e-02
3.104629966029259780e-02 1.291772264093456538e-02 -2.361195644912569142e-02
-5.311625623565982557e-02 5.141208564596036479e-02 -3.141708750087333218e-02
-1.226539916804257613e-02 2.822824792341458583e-02 -3.963018983244048082e-02
-3.505349580072409515e-02 3.465767390272252862e-02 -4.806022359336256655e-02
-5.151020509091031735e-02 4.682435665915152256e-02 -5.646959109111560071e-02
-1.823276355896116460e-02 1.271330192265146194e-02 -6.462577953983110468e-02
-8.298885228330174502e-02 6.740524322284738301e-02 -7.227067837823107632e-02
-5.532962913859588473e-03 -1.281923793086162805e-02 -7.919424481308361130e-02
-1.045408757678654987e-01 8.814197350913381690e-02 -8.516585632518985927e-02
1.093288883519777290e-03 -3.956092886832354716e-02 -9.005372782603923709e-02
-1.156450122859044166e-01 1.068491943679606565e-01 -9.369493534505020371e-02
7.907550412949471445e-04 -6.470317412434320459e-02 -9.605635439556126087e-02
-1.171893068459949616e-01 1.212522309406596638e-01 -9.706638800207131879e-02
-6.194559566030515517e-03 -8.546926022954602631e-02 -9.677594866582747701e-02
-1.110914145979311346e-01 1.293073808981859418e-01 -9.520773992599398938e-02
-1.863364585384104377e-02 -9.956588939474707300e-02 -9.246702931835973360e-02
-9.990912768676968314e-02 1.295184376404399096e-01 -8.866281650815165116e-02
-3.451123715692142740e-02 -1.055112353717045787e-01 -8.393042188190874553e-02
-8.650079229234378109e-02 1.211955918151026851e-01 -7.843648811473287463e-02
-5.126958752660903257e-02 -1.027984198821841194e-01 -7.233317002488900971e-02
-7.373049559369614092e-02 1.045926744343434189e-01 -6.581130350772528004e-02
-6.608506221555109084e-02 -9.188508173469746299e-02 -5.903450312789682020e-02
-6.419846492123069959e-02 8.090150551471672613e-02 -5.218592874480568883e-02
-7.617491547913167460e-02 -7.403716691339456979e-02 -4.543129700363305462e-02
-5.997773843341905331e-02 5.209474224304135037e-02 -3.892195399476333639e-02
-7.912771340970684020e-02 -5.108043872891634279e-02 -3.280558499337952322e-02
-6.235210933385689630e-02 2.064130688495385141e-02 -2.718334916595512019e-02
-7.324461638325101276e-02 -2.510831351545512666e-02 -2.215235609129051486e-02
-7.157607768868358422e-02 -1.084981185804908231e-02 -1.775438886854228612e-02
-5.786063301963043776e-02 1.785873874102985627e-03 -1.401057907984608157e-02
-8.669051714713885137e-02 -3.999206243111835118e-02 -1.089245285995795245e-02
-3.359062346435762181e-02 2.770764314563328723e-02 -8.335455388880636321e-03
-1.054729164320442336e-01 -6.490970780837773679e-02 -6.230076058064431925e-03
-2.446547387903163454e-03 5.105646788348844334e-02 -4.446808514721781701e-03
-1.246148180611760942e-01 -8.438526012306760138e-02 -2.804064879816225292e-03
3.227725880603336123e-02 7.053114691424053340e-02 -1.153521693553019719e-03
-1.401600975346415368e-01 -9.783487044813946043e-02 7.209387281204033410e-04
6.643408557158461680e-02 8.508511885871729297e-02 2.936152861147513574e-03
-1.481743114783533877e-01 -1.051544976185403713e-01 5.683735035441503554e-03
9.575539626118519110e-02 9.388505782015754697e-02 9.017032117708673883e-03
-1.455211579654379916e-01 -1.065314495479491030e-01 1.304806598501453627e-02
1.167202280770694295e-01 9.631307444501337189e-02 1.776035141212041479e-02
-1.305686906322880703e-01 -1.023162577070039769e-01 2.315808634237986538e-02
1.273171077172326748e-01 9.202192631277252011e-02 2.916553576830206718e-02
-1.036411113890150504e-01 -9.299891172744190193e-02 3.568740762838703423e-02
1.274467854134930522e-01 8.102823352545175661e-02 4.260371568903242867e-02
-6.711732225983529920e-02 -7.926428386061197540e-02 4.975145830577726302e-02
1.188672774505993707e-01 6.381422451974240462e-02 5.697983031870768045e-02
-2.511629976225999983e-02 -6.207341840205845424e-02 6.409619351638348728e-02
1.047297882169564570e-01 4.139953782799405541e-02 7.093276987979027504e-02
1.718603148223495428e-02 -4.271534491663047522e-02 7.729880888243600978e-02
8.884779405172560374e-02 1.534944589921782669e-02 8.302722531024034347e-02
5.448145910699913469e-02 -2.279231081735555442e-02 8.795075483919236048e-02
7.488410556443714228e-02 -1.230487027470206392e-02 9.192519055930463423e-02
8.230534453434759645e-02 -4.123132154235228594e-03 9.482486745117199578e-02
6.563437739739647059e-02 -3.924494552358155641e-02 9.654896487287943641e-02
9.785434376919265043e-02 1.143880158612472706e-02 9.702556606546533513e-02
6.255853954356935254e-02 -6.311849991370757640e-02 9.621424872812432694e-02
1.004601425019582966e-01 2.226107467385230604e-02 9.411770921991322036e-02
6.563091153623108742e-02 -8.185473247502916827e-02 9.076549862254072731e-02
9.160335976867430008e-02 2.720729452680785074e-02 8.624931568827634565e-02
7.351419865967821765e-02 -9.398533302187525584e-02 8.067026025882731433e-02
7.447761846667662333e-02 2.588316700964075553e-02 7.421125042142406869e-02
8.396730733030831340e-02 -9.890734884687693573e-02 6.703385696810199024e-02
5.323410215490061159e-02 1.877617481953259421e-02 5.937458510917455884e-02
9.434759934808387150e-02 -9.700543242987297310e-02 5.143143155974234243e-02
3.212164729768891835e-02 7.244000627969241282e-03 4.344755576264541092e-02
1.020492139737099180e-01 -8.959467349266411751e-02 3.561952384150383205e-02
1.475044453807287416e-02 -6.684145485487363696e-03 2.814677848800692384e-02
1.048235679272369464e-01 -7.867914306195417096e-02 2.118286419774278312e-02
3.658396621637805424e-03 -2.064733638580020653e-02 1.484980352197780989e-02
1.010001858841875350e-01 -6.657147430686521927e-02 9.225794724980517295e-03
1.636845208279639140e-04 -3.234865136522289963e-02 4.346323574230134823e-03
8.963256389920727651e-02 -5.547083116404910585e-02 2.039024484700905455e-04
4.418848970084601584e-03 -3.992273087781660068e-02 -3.241193857110143128e-03
7.060779329391199399e-02 -4.710472553936518453e-02 -6.072418354554606594e-03
1.555045776680006285e-02 -4.221184535873705873e-02 -8.390656786044429008e-03
4.470673191981033856e-02 -4.250723194024563084e-02 -1.032902949080786136e-02
3.181211335281557140e-02 -3.891367748103247148e-02 -1.202471220794828870e-02
