0.000000000000000000e+00 0.000000000000000000e+00 0.000000000000000000e+00
-6.622886597414386900e-01 7.153563783060870596e-02 -3.890761195722197141e-01
-8.732192032521278457e-02 -8.739098099740647552e-01 -7.611279537712372090e-01
-1.765726114634650790e+00 1.441123289673061914e-01 -1.099858098869292977e+00
-3.711442832369016287e-01 -1.520242785548581610e+00 -1.390170799170918459e+00
-2.286121521958440095e+00 2.823913014442602093e-02 -1.618967119899347384e+00
-9.554098429225117428e-01 -1.780617304000907675e+00 -1.775729952833205338e+00
-2.068415451594343146e+00 -3.318476873583970366e-01 -1.852853632007426476e+00
-1.795255296510245735e+00 -1.609802824137625210e+00 -1.846521249611035032e+00
-1.202102298695273408e+00 -8.997810389989339130e-01 -1.748925259231429719e+00
-2.692380752666155175e+00 -1.078050717225919053e+00 -1.579675797960819583e+00
2.058239190105716487e-02 -1.585313340035868324e+00 -1.337966949035631403e+00
-3.368876330115567086e+00 -3.460294349140619063e-01 -1.026194843102154586e+00
1.246279250142938944e+00 -2.197535561539643467e+00 -6.799285145950185738e-01
-3.569740830704643653e+00 3.853446247867390873e-01 -3.057157477680262914e-01
2.160266122328440730e+00 -2.594900971822708069e+00 7.734714313916354889e-02
-3.140083876535578078e+00 9.531556943100496504e-01 4.533926851598236163e-01
2.623225333159767469e+00 -2.624969719876184548e+00 8.029209344313562591e-01
-2.107654807053302548e+00 1.260080273186065192e+00 1.110948598933835685e+00
2.641244417795105992e+00 -2.227536502685518727e+00 1.362827087635441581e+00
-7.331073479651939451e-01 1.285433162043544408e+00 1.548189533535588858e+00
2.392844955928546291e+00 -1.447849172229779713e+00 1.660819145805465524e+00
5.960079303400223072e-01 1.094870848014949161e+00 1.696098704179480832e+00
2.107786624469082604e+00 -4.398309639299134433e-01 1.653924919151901429e+00
1.472847520034164415e+00 8.193578006381230239e-01 1.546005496059184248e+00
1.995661015321021470e+00 5.703374851503126841e-01 1.359690462239112163e+00
1.602152400084860373e+00 6.012581988673385558e-01 1.112598884379534692e+00
2.137003441759986355e+00 1.330763328676522583e+00 8.158313936151173618e-01
9.371182111748281862e-01 5.758672865233073201e-01 4.819020063998600834e-01
2.472255043904495242e+00 1.662641119780754018e+00 1.253748509270476708e-01
-3.110319030515125704e-01 8.098290982098876878e-01 -2.395021419220791925e-01
2.806174801652622008e+00 1.499119983754126917e+00 -5.959151868409292563e-01
-1.747423784112736023e+00 1.281521663477357853e+00 -9.305307748003472934e-01
2.890747244594630949e+00 9.071943594741733730e-01 -1.225984711386965742e+00
-2.940244416573391639e+00 1.882348278163240352e+00 -1.472052765918923978e+00
2.531261179107788806e+00 6.164360843464702922e-02 -1.653482281318880975e+00
-3.573837595597213035e+00 2.445512855624658144e+00 -1.764596663478099625e+00
1.678489681562612024e+00 -8.139660501937815429e-01 -1.795702249048632959e+00
-3.545573845531496904e+00 2.794262782586846683e+00 -1.746462998538111044e+00
4.686171135927035269e-01 -1.516305110765343356e+00 -1.615932408548462540e+00
-2.973420149217971264e+00 2.794687133404067492e+00 -1.409502869177887918e+00
-8.014800759251298201e-01 -1.916338236320078492e+00 -1.127400080272734861e+00
-2.117912408007384339e+00 2.406735370879227176e+00 -7.927036944372416460e-01
-1.780721789411860767e+00 -1.976196866130329299e+00 -4.209699731189062155e-01
-1.284948755881505811e+00 1.677300892388110753e+00 -3.312572511377098738e-02
-2.178644207818668299e+00 -1.795340999516044311e+00 3.555317091484613279e-01
-6.885470132551848588e-01 7.364204634548350281e-01 7.281142663567898854e-01
-1.856445895517159439e+00 -1.484009812488731761e+00 1.065303443808182315e+00
-3.975085825567125086e-01 -2.000616158407874656e-01 1.352469484730585592e+00
-8.942030497660568011e-01 -1.196181060745123759e+00 1.577279332138569190e+00
-3.230069756411873549e-01 -9.101012052756717319e-01 1.728462186711519077e+00
4.007388821183563432e-01 -1.066088151267407413e+00 1.805212599528619233e+00
-2.889805376452820318e-01 -1.225882777505585386e+00 1.798828456053267910e+00
1.613523494987612272e+00 -1.178654252847762818e+00 1.712684619397927044e+00
-8.257561211336277018e-02 -1.066956752989530743e+00 1.553391337703230457e+00
2.357821496946004736e+00 -1.511519650081079247e+00 1.328247969198201206e+00
4.412008609372758405e-01 -4.876092806946409342e-01 1.051757802684109455e+00
2.405047749286986836e+00 -1.980138630388476484e+00 7.286808079056158460e-01
1.262760665583443798e+00 3.644771810982361804e-01 3.786283192116102758e-01
1.750705851479994024e+00 -2.413688937260744627e+00 1.225909651424439244e-02
2.213186603251024565e+00 1.249145922151501109e+00 -3.536672299285138488e-01
6.269378262182342398e-01 -2.664052063224014777e+00 -7.027549989548900200e-01
3.010115512138611837e+00 1.964815737955755148e+00 -1.021318236839225069e+00
-6.141000030611192262e-01 -2.592662090015247944e+00 -1.294437415810088643e+00
3.369418019085272054e+00 2.369157053010248593e+00 -1.508563188706943281e+00
-1.630140461068253721e+00 -2.154154644042589162e+00 -1.656915092815186119e+00
3.099309892626704865e+00 2.426065879745523901e+00 -1.729538895398498477e+00
-2.226596877471827440e+00 -1.400586772153758375e+00 -1.717045696227033291e+00
2.213827060523094747e+00 2.205589643737167815e+00 -1.627706675423280958e+00
-2.370447067754822168e+00 -4.995353495735991300e-01 -1.460089870849477389e+00
9.362402619502731005e-01 1.836559769213310878e+00 -1.219112095317677502e+00
-2.206075025865290584e+00 3.423233241453282893e-01 -9.165786395076603865e-01
-3.674545810634249898e-01 1.491549062842767892e+00 -5.652297647702497763e-01
-1.962116224720814150e+00 9.202642741262373471e-01 -1.790282117653083649e-01
-1.297327238695729301e+00 1.317432363977488308e+00 2.185343475547985859e-01
-1.859658438260165747e+00 1.082013227295705260e+00 6.045380552182357814e-01
-1.572087710906159730e+00 1.376255925566744809e+00 9.626655450185463980e-01
-2.017602281677055132e+00 7.698263929573235798e-01 1.274518412492503527e+00
-1.092011331047328282e+00 1.666739960441565360e+00 1.524730962497143461e+00
-2.399041092691704957e+00 5.060935814532706301e-02 1.701238445642782704e+00
4.917898450073059959e-03 2.095266554528012026e+00 1.796179868863505336e+00
-2.828383896142087295e+00 -9.097382012277847041e-01 1.806169978876233317e+00
1.390442958502864590e+00 2.507361209480127862e+00 1.731676922589299616e+00
-3.051794429040286971e+00 -1.885473467130078795e+00 1.577970041044883809e+00
2.659311519492112197e+00 2.729086093323503714e+00 1.360445055172849527e+00
-2.835393356035477819e+00 -2.654367105636229240e+00 1.075225131809427914e+00
3.459700413022374299e+00 2.626396015810064100e+00 7.429676533582889597e-01
-2.085329102083919750e+00 -3.058181958050878446e+00 3.794913676169651695e-01
3.626171449739302499e+00 2.146667508753379749e+00 6.810134614842597214e-04
-8.873675483910045125e-01 -3.046733616723354299e+00 -3.773909012586580403e-01
3.216723991783304815e+00 1.358326084115246024e+00 -7.375239778169346838e-01
4.799669193783928645e-01 -2.692456735324358252e+00 -1.056981294310892272e+00
2.439689355478135369e+00 4.200778529384501248e-01 -1.336519746480842485e+00
1.614485818957621444e+00 -2.159146317683847016e+00 -1.557563905604125498e+00
1.603006159911292805e+00 -4.579740074259617821e-01 -1.709617151370795840e+00
2.176288375468819591e+00 -1.617702194053159515e+00 -1.786558015150839340e+00
9.640666095024601479e-01 -1.051162476754620823e+00 -1.784349325970276068e+00
1.985371233192750884e+00 -1.226028571354072172e+00 -1.703009754426881406e+00
6.409701000257604919e-01 -1.212466049209250496e+00 -1.540595381888974602e+00
1.101338271336262720e+00 -1.076104199728203703e+00 -1.314818069153479208e+00
5.837474514233716993e-01 -9.010628764471253493e-01 -1.025789419094550681e+00
-2.000529674586372930e-01 -1.164593664423751118e+00 -6.965814922327782099e-01
6.154182618221921697e-01 -1.963942382915281892e-01 -3.373174839494924582e-01
-1.515897228364920135e+00 -1.405821087500197297e+00 3.480315503645495245e-02
5.155752277803025141e-01 7.216369975342650234e-01 4.028288494197790337e-01
-2.446765887770062431e+00 -1.660941598645901296e+00 7.491620420602547181e-01
1.075821688638836371e-01 1.632399106601690741e+00 1.061543518739644920e+00
-2.729248226666892485e+00 -1.766717938545853128e+00 1.318647512535059185e+00
-6.463832613687531259e-01 2.318351818459481350e+00 1.519459856916159923e+00
-2.304660222427661331e+00 -1.606398620839107672e+00 1.641456267983933071e+00
-1.616953973780087983e+00 2.641449525902794804e+00 1.694886051707378050e+00
-1.332731234492785966e+00 -1.125492418894859847e+00 1.661651263467210926e+00
-2.549158101684577904e+00 2.560343402966651638e+00 1.551697454602126269e+00
-1.285382576857082293e-01 -3.771534582366221633e-01 1.371387177186299100e+00
-3.115536400937537032e+00 2.148528003575643996e+00 1.135165878384169380e+00
9.811623177609425372e-01 4.949933481906967359e-01 8.409960613028842902e-01
-3.082802382653214934e+00 1.547391456753717032e+00 5.090456129483019732e-01
1.731470246750590469e+00 1.269439758615735769e+00 1.523760907267570630e-01
-2.386179772260618392e+00 9.481558654793865726e-01 -2.117613173308161012e-01
2.052329396402499562e+00 1.738787906195395472e+00 -5.598375038826626238e-01
-1.190933291615528189e+00 5.144674039770164020e-01 -8.940828349389129404e-01
2.029173966905488680e+00 1.750858837384579703e+00 -1.191435312973849747e+00
1.390098927000273654e-01 3.333307056093842147e-01 -1.437356895344908292e+00
1.871185096236029244e+00 1.279052664711453069e+00 -1.621036250716766380e+00
1.180961827876970016e+00 4.077075698211221066e-01 -1.733073478620735797e+00
1.801814305377738457e+00 4.248773542286017335e-01 -1.767750551416740867e+00
1.595227954195266751e+00 6.515014109018403277e-01 -1.722110190941597230e+00
1.967430951093384950e+00 -6.067246574868685460e-01 -1.593720226625990444e+00
1.248640801990784865e+00 9.330245647575786672e-01 -1.391486858186238740e+00
2.367221423232087840e+00 -1.577731764883194554e+00 -1.127902181382845814e+00
2.441469206886232313e-01 1.082272957432978355e+00 -8.105705191092790196e-01
2.860861648691790382e+00 -2.279893363947697704e+00 -4.546093493439344324e-01
-1.109740894733800110e+00 9.863372619837464939e-01 -7.681026692103309905e-02
3.211075326701084975e+00 -2.575002437858060045e+00 3.060383342189139100e-01
-2.423207906420715929e+00 5.928662402826460065e-01 6.740816410571811579e-01
3.173185740842448865e+00 -2.436460698157029370e+00 1.013236186305962017e+00
-3.351422054260654981e+00 -6.046388781236368415e-02 1.304409042409523378e+00
2.597589688297619492e+00 -1.941820734699388540e+00 1.539035312315118142e+00
-3.697947159948337337e+00 -8.466364539537045708e-01 1.702807861640395659e+00
1.509833725481831035e+00 -1.245059053463540621e+00 1.793336405068068684e+00
-3.455956941098667468e+00 -1.577061219846123796e+00 1.807052919839041261e+00
1.439067805072822281e-01 -5.329023056665170843e-01 1.740697056369967077e+00
-2.817526572564452714e+00 -2.046480985321841306e+00 1.599182977570632325e+00
-1.147895507904588497e+00 3.065591142704342936e-02 1.390019928854165698e+00
-2.042563418312775436e+00 -2.100285450195340076e+00 1.121449608755337612e+00
-1.965536971485163376e+00 3.415604831356717219e-01 8.063982942864191816e-01
-1.392545834496917712e+00 -1.689556966691023510e+00 4.580171647963440784e-01
-2.040047065252754255e+00 3.838160822927039195e-01 9.019021394509918466e-02
-1.017292146078103476e+00 -8.938694074173038073e-01 -2.735644611819184613e-01
-1.334401046889902798e+00 2.296861838180757898e-01 -6.328354662851716217e-01
-9.153475880998653835e-01 9.954273208754864377e-02 -9.642411257422411897e-01
-7.317655049084142993e-02 1.342922175123751304e-02 -1.248437696360128912e+00
-9.320226354521333745e-01 1.046104708679891138e+00 -1.481547626018618224e+00
1.326123493505182438e+00 -1.066202291286730969e-01 -1.647763237189579399e+00
-8.651550019222629118e-01 1.708087922521954516e+00 -1.737381402924562224e+00
2.421838245982817384e+00 -2.616642654692062642e-02 -1.737749246288192273e+00
-5.226058894559707513e-01 1.947482272965493033e+00 -1.662001279702623791e+00
2.897947984320908610e+00 3.015863865088639351e-01 -1.505492494986645946e+00
1.713092664108258334e-01 1.735380653646489968e+00 -1.273421278413389812e+00
2.653318738138421118e+00 8.397081365470916436e-01 -9.733839229248135716e-01
1.130621262522735870e+00 1.167961217112249317e+00 -6.268994703939403390e-01
1.818582294224755591e+00 1.475443967219115748e+00 -2.477606692959894996e-01
2.129007449190553292e+00 4.181439640274123293e-01 1.448434103773101056e-01
6.796858889079819832e-01 2.042238282981541087e+00 5.308538011754019292e-01
2.865161879028319536e+00 -3.245072273446472089e-01 8.905304139957062048e-01
-4.346553627142839549e-01 2.368228506170429348e+00 1.205991823510212280e+00
3.069110265942893268e+00 -8.989691844790322905e-01 1.462189110855128593e+00
-1.265271164077016675e+00 2.325476758500705010e+00 1.647160465043074229e+00
2.611304132959805013e+00 -1.212820980425225015e+00 1.753721563167035091e+00
-1.697645166584752285e+00 1.875391768764715694e+00 1.777713448808514451e+00
1.574953113080412193e+00 -1.260369460459557001e+00 1.720221335943318497e+00
-1.777445989979599350e+00 1.100889332733260062e+00 1.590611657835612869e+00
2.583188552209629840e-01 -1.111102561895017438e+00 1.384830296437110420e+00
-1.687828372457187420e+00 1.662560978563752678e-01 1.118441480897201412e+00
-9.305389221309066095e-01 -9.117560213607420749e-01 8.039312741255828509e-01
-1.639709406168329497e+00 -6.877708233605822619e-01 4.549837903360304803e-01
-1.594028492974367328e+00 -7.988535059487186230e-01 8.656403530417161596e-02
-1.794816371278032952e+00 -1.236882915487796275e+00 -2.860137733776416669e-01
-1.506783760160627983e+00 -8.852961057972725811e-01 -6.473663735166930167e-01
-2.187197151108896342e+00 -1.338221241777908688e+00 -9.825204372152054333e-01
-6.975374336317863300e-01 -1.208908543577463579e+00 -1.276181196598182188e+00
-2.705373000855519461e+00 -9.711065499923542399e-01 -1.518682511975337102e+00
5.774989965268567671e-01 -1.733851800768566598e+00 -1.699527860742416241e+00
-3.119162044901470310e+00 -2.496305734919553321e-01 -1.807276288942929909e+00
1.921680838583187834e+00 -2.333804848747141225e+00 -1.834969880646871054e+00
-3.192523598390662354e+00 6.368013383762083368e-01 -1.785277108281835723e+00
2.964246665851921314e+00 -2.846428128904701982e+00 -1.653902404175352503e+00
-2.734470039985974488e+00 1.475270760522862989e+00 -1.452975512810244618e+00
3.443399913825984537e+00 -3.108478259465751847e+00 -1.187083662682660190e+00
-1.782180593568697180e+00 2.079621393476451807e+00 -8.680073954640111777e-01
3.349715384987712596e+00 -3.002475480813263875e+00 -5.075923902053498526e-01
-5.040220488927420472e-01 2.356701227942603616e+00 -1.247488498374623167e-01
2.833503543397162705e+00 -2.498816031848090979e+00 2.640716119276312890e-01
7.775821996865346364e-01 2.309343704374036577e+00 6.377032388548303787e-01
2.152418959632229623e+00 -1.663094640091442367e+00 9.809337095943609919e-01
1.695911249013900113e+00 2.021221230369612876e+00 1.281196334125712655e+00
1.562866839726216872e+00 -6.566617950049808972e-01 1.513570302867129458e+00
1.952202231600300486e+00 1.637763328888575565e+00 1.672149826601280198e+00
1.220175085714808816e+00 3.049590136245667882e-01 1.751952133122050670e+00
1.444817475215656843e+00 1.311076061843442941e+00 1.749117645576216962e+00
1.143459881603635209e+00 9.960045500057224110e-01 1.665788032376649186e+00
3.150163265449463235e-01 1.167841358163655752e+00 1.506142199208719612e+00
1.205350427600368590e+00 1.251183983431293667e+00 1.279257514953918928e+00
-1.085628117169594509e+00 1.269955013674987532e+00 9.949950907928223343e-01
1.192636923319210229e+00 1.016457256730343595e+00 6.679425870344386507e-01
-2.313941021427098121e+00 1.594113850940756194e+00 3.111585554715783908e-01
9.002406303092260753e-01 3.754142656851275905e-01 -5.276644120978268848e-02
-2.992820396881581857e+00 2.046704561151591939e+00 -4.196604412679433849e-01
2.262895220613525549e-01 -5.105232129601263713e-01 -7.672035181775028745e-01
-2.942737281064816912e+00 2.450634011286977110e+00 -1.081162918117583693e+00
-7.662525140660513268e-01 -1.400254105219272738e+00 -1.347476347267209107e+00
-2.224807089867196552e+00 2.657112895143355580e+00 -1.552066644291209441e+00
-1.845498420041985499e+00 -2.082369333430846847e+00 -1.689816971544294111e+00
-1.118615839357732566e+00 2.535721111377052583e+00 -1.750592093645006342e+00
-2.713694172192430809e+00 -2.440891463914365733e+00 -1.732699657349052735e+00
4.360467632439390950e-02 2.063407728425883381e+00 -1.621758929177936626e+00
-3.066027840781925917e+00 -2.445018868824590630e+00 -1.447991264904122666e+00
9.469093051626502611e-01 1.303163559941830307e+00 -1.205172737818741791e+00
-2.766001243283383371e+00 -2.185988337298352846e+00 -9.040738720235172998e-01
1.459395990790862463e+00 4.216494780556913624e-01 -5.551348101605125818e-01
-1.845616119980545200e+00 -1.801455566190498736e+00 -1.793321386774523463e-01
1.592359199087664434e+00 -3.906912027700090717e-01 2.095441073370515606e-01
-5.661104654171404960e-01 -1.449377661391723526e+00 5.885829632267869371e-01
1.505300103996749961e+00 -9.240169596346332614e-01 9.419132204572780998e-01
6.833610630989335188e-01 -1.268897369181068990e+00 1.253971969888489468e+00
1.428425882411022307e+00 -1.039514317171318369e+00 1.509359208549440501e+00
1.519360986821165049e+00 -1.317121075796633178e+00 1.697002683821874802e+00
1.543150666464038867e+00 -6.965083907935661900e-01 1.808106693985442437e+00
1.674542082610978477e+00 -1.573863316289680903e+00 1.838549836089712120e+00
1.913776642968431085e+00 2.788473017890004749e-02 1.786974770542828939e+00
1.102119773245049839e+00 -1.939229171016586761e+00 1.656223439763788718e+00
2.459795919122798047e+00 9.560186937709498345e-01 1.453350757381536296e+00
-2.520584716480197066e-02 -2.262125734008491929e+00 1.187966982327695042e+00
2.958229802686013876e+00 1.866441805215779848e+00 8.737180466198347650e-01
-1.349649091254631283e+00 -2.370697625749318416e+00 5.203750632871716464e-01
3.150230712770708319e+00 2.528348892238549972e+00 1.455894483852492316e-01
-2.484044122225246287e+00 -2.171530221660765037e+00 -2.341063969369164555e-01
2.838080228936025851e+00 2.820721918408812368e+00 -6.017388327742271281e-01
-3.139935239763240293e+00 -1.631117176508896982e+00 -9.415237767610464825e-01
1.990694797958580065e+00 2.729209160390412503e+00 -1.235206294498472746e+00
-3.220019278491950576e+00 -8.219330707832009919e-01 -1.468617819176053274e+00
7.512530244640347465e-01 2.330863367953014187e+00 -1.639658643895848478e+00
-2.838575912858423145e+00 8.012006948301138298e-02 -1.727456758302951201e+00
-5.503731858501431651e-01 1.803600350562126975e+00 -1.741052919621451034e+00
-2.233991851745539492e+00 8.543166507585987501e-01 -1.672527361823274994e+00
-1.538752594143922403e+00 1.312102123351855942e+00 -1.524632804696006483e+00
-1.673126875364125077e+00 1.305960694934577226e+00 -1.304324431950947050e+00
-1.904486413651706567e+00 1.009013844556538864e+00 -1.022385392937910309e+00
-1.346876434710605031e+00 1.310519413518188792e+00 -6.927575448457006235e-01
-1.520558782605210491e+00 9.632584491964225615e-01 -3.320297779619786893e-01
-1.299195559570575531e+00 8.502092074462006543e-01 4.131119241316307672e-02
-4.860846598112665284e-01 1.154231172968439134e+00 4.097895071906664799e-01
-1.431554269784583999e+00 2.151578928002534363e-02 7.553664062670516488e-01
8.907634721162054348e-01 1.482845503020147060e+00 1.061354826830019693e+00
-1.531133791955655132e+00 -9.905938617320818596e-01 1.314665000336777911e+00
2.203893363902160285e+00 1.795594299540404171e+00 1.506253593902193044e+00
-1.372230639915310801e+00 -1.957301303162953809e+00 1.624520153504707354e+00
3.072875592002199951e+00 1.933129107489778953e+00 1.667572076252027413e+00
-8.051962943852577492e-01 -2.663262944530587539e+00 1.635063604429679573e+00
3.262382666685355037e+00 1.772886357035189375e+00 1.530064431553149973e+00
1.589900651164695145e-01 -2.968288718533576009e+00 1.357450184054699749e+00
2.766266539814045800e+00 1.279411299516775902e+00 1.128529863754980767e+00
1.344038752948856219e+00 -2.839471242674898921e+00 8.480291864292166526e-01
1.762163921935360200e+00 5.105336009502717820e-01 5.313428451776607275e-01
2.407377700850505509e+00 -2.365116391650987637e+00 1.903871275188117884e-01
5.877383986234979707e-01 -3.705594285253018261e-01 -1.599322231482124823e-01
3.014619431120888038e+00 -1.705675724193308929e+00 -5.056239438725216306e-01
-4.326174853285058020e-01 -1.148757107476152894e+00 -8.289226031090479729e-01
2.935088660138879035e+00 -1.054843912784207971e+00 -1.122784669640263688e+00
-1.086925341251576249e+00 -1.612576975325202833e+00 -1.372004227750172944e+00
2.155315910041337712e+00 -5.722099355176381019e-01 -1.563744892436292888e+00
-1.341210040376619617e+00 -1.627457741576479266e+00 -1.690449584152384999e+00
8.963280007470428856e-01 -3.460059933054022152e-01 -1.743731336529244835e+00
-1.322575340939158517e+00 -1.176439327304639182e+00 -1.721224195498722853e+00
-4.525020283216613648e-01 -3.686256112223290082e-01 -1.621337437615436139e+00
-1.238394115195078360e+00 -3.643613018571805751e-01 -1.445272814188633292e+00
-1.455352145673136421e+00 -5.451518893531881460e-01 -1.201703162809973247e+00
-1.307105918350112583e+00 5.986153145763312144e-01 -9.056858332436209524e-01
-1.833219803773015411e+00 -7.338307665234500288e-01 -5.627737657777516223e-01
-1.641554924502679702e+00 1.482693111554489906e+00 -2.025702121657740606e-01
-1.478318916626006674e+00 -7.888456982069954604e-01 1.714669698148664490e-01
-2.199093351472383606e+00 2.081433325176543558e+00 5.354149165937704957e-01
-5.124970576514422671e-01 -5.883831233675527184e-01 8.723607044111316711e-01
-2.798860543083698360e+00 2.270252370074290482e+00 1.165632436213796641e+00
7.600795561477712292e-01 -9.829568606428643052e-02 1.401456270698948847e+00
-3.180457302066215686e+00 2.033102650101735076e+00 1.570134728775038457e+00
1.971141199958056367e+00 6.220038968650111189e-01 1.663255287355076106e+00
-3.100434873977442329e+00 1.463898016217880516e+00 1.683871910960806684e+00
2.814172063083786757e+00 1.425533943958963157e+00 1.626976574828072231e+00
-2.447015439728303487e+00 7.304000823854511770e-01 1.496834627474117552e+00
3.121836286627230006e+00 2.111020824259890905e+00 1.295100635136365641e+00
-1.310757924171128685e+00 2.154632843184619076e-02 1.044681244839364309e+00
2.939079929356859910e+00 2.470156524170359358e+00 7.413398146576777314e-01
2.943669105803123701e-02 -4.985451207093956061e-01 4.063495019906774863e-01
2.458584793035273552e+00 2.360384073494634194e+00 5.433046116415918281e-02
1.177609116419960023e+00 -7.308727499441920461e-01 -3.003958022871537903e-01
1.935539558918622394e+00 1.772520222723304784e+00 -6.416378732572246557e-01
1.765552821681727780e+00 -6.830328104235291464e-01 -9.560922178839431629e-01
1.583710128187830968e+00 8.260767956362864428e-01 -1.228812398483854817e+00
1.592853181104985083e+00 -4.513772143807531223e-01 -1.448691415830372087e+00
1.492029985794087521e+00 -2.570523019425082767e-01 -1.604501657103591938e+00
7.081450984485982980e-01 -1.879464106078917729e-01 -1.686578099340220405e+00
1.598854951044515582e+00 -1.219934152320352183e+00 -1.694069728605144265e+00
-6.109002644907832735e-01 -4.245038491630408889e-02 -1.623346810955255348e+00
1.728331086159957009e+00 -1.837077310316571399e+00 -1.474572433159466289e+00
-1.949642858152968561e+00 -1.272999924102204694e-01 -1.250188884427973157e+00
1.647424428814703079e+00 -1.996622141035486964e+00 -9.669336294108493712e-01
-2.924585568020769077e+00 -4.799973323900456612e-01 -6.355828526150965052e-01
1.198764338174852728e+00 -1.696048960163482500e+00 -2.664178710567186026e-01
-3.279691343671153447e+00 -1.048642304172823669e+00 1.192702080201081816e-01
3.423778615003107428e-01 -1.051379120034044767e+00 5.050629038325347153e-01
-2.967068363361038408e+00 -1.701869740786706497e+00 8.700356726828518683e-01
-7.884728517381113244e-01 -2.435030607324585594e-01 1.197294761773895377e+00
-2.139084826026013353e+00 -2.261332904084824236e+00 1.470208504615594158e+00
-1.917943885823991668e+00 5.304246980382465448e-01 1.675455329630078261e+00
-1.075403142754148611e+00 -2.548314254871690387e+00 1.804056273674491173e+00
-2.707862898690682751e+00 1.108615531262574061e+00 1.849612348270814888e+00
-7.885922563455262380e-02 -2.438593799689006136e+00 1.811602602301436438e+00
-2.879042727795047441e+00 1.403054575144571103e+00 1.691976108068724116e+00
6.273695010841575659e-01 -1.909123148125111857e+00 1.497532397138157778e+00
-2.326608498636969280e+00 1.425156974747975980e+00 1.238594128702692254e+00
9.700120817891577651e-01 -1.049579602649400645e+00 9.256611519861108750e-01
-1.191818026595571567e+00 1.245629972027852528e+00 5.743173739321586480e-01
1.027287233608449979e+00 -7.772047231689341307e-02 1.999095146701392600e-01
1.796731510474435523e-01 1.016820859796557119e+00 -1.805483488992804253e-01
9.930369137615141506e-01 7.659007555902939135e-01 -5.507184485801350782e-01
1.347859558630439603e+00 8.864570127831041813e-01 -8.942084055347979676e-01
1.075557180034676596e+00 1.264442462494215214e+00 -1.196082074975002074e+00
1.938942196668979934e+00 9.713693510712583246e-01 -1.439963879688961113e+00
1.406876051374249093e+00 1.302233656568423381e+00 -1.621129169957592486e+00
1.776692633919041642e+00 1.284885876646027159e+00 -1.728242013157817336e+00
1.978152692085964892e+00 8.725048599082441125e-01 -1.756333247425323707e+00
9.383722675060880425e-01 1.780124706636383669e+00 -1.703843361255162669e+00
2.642968784250619763e+00 1.182623494216058502e-01 -1.564610458295643047e+00
-2.915398600646704752e-01 2.337880771517711676e+00 -1.361871891842846072e+00
3.150089143681013670e+00 -7.734055018937261439e-01 -1.096525973001489573e+00
-1.547661144673414757e+00 2.775908892572764852e+00 -7.813227460416667380e-01
3.256662836927707971e+00 -1.581198277245040806e+00 -4.308645262798459497e-01
-2.497837221330352353e+00 2.940521584091044360e+00 -6.233122075786748373e-02
2.814323002157963050e+00 -2.140075689161916372e+00 3.072908910262504012e-01
-2.956224027506445307e+00 2.729780652260680451e+00 6.641703227932050924e-01
1.845297172287661214e+00 -2.367813480618185640e+00 9.876589233891127639e-01
-2.932156883160869310e+00 2.128863467865629300e+00 1.259551535947927681e+00
5.655624363084246209e-01 -2.290943294196512436e+00 1.471134297871867114e+00
-2.566301304566877217e+00 1.237370037858579463e+00 1.622398018868359326e+00
-6.648970981915817147e-01 -2.000526054331269954e+00 1.689333622204730156e+00
-2.107870754237586741e+00 2.382843089762496647e-01 1.678992901270475402e+00
-1.473586764305817365e+00 -1.649382428025575997e+00 1.603699167230199896e+00
-1.764982422518255545e+00 -6.147987507165501020e-01 1.443694210719220994e+00
-1.588721223875172894e+00 -1.404840329531999776e+00 1.217934274530906746e+00
-1.654581079783208342e+00 -1.118428796508776690e+00 9.396999271152491895e-01
-9.574806030901075182e-01 -1.374562897287070040e+00 6.147888468384002936e-01
-1.743737650478838885e+00 -1.124543893165774744e+00 2.604463953634675311e-01
2.217905992235515156e-01 -1.593681594999842854e+00 -1.089428424432012793e-01
-1.872919246298778040e+00 -6.303781435348689843e-01 -4.767629269315269980e-01
1.567632024182985528e+00 -2.005539504725569966e+00 -8.204537586987900033e-01
-1.822967777342546558e+00 2.364744220808282504e-01 -1.139407425344246105e+00
2.655715952873970220e+00 -2.493167718692268053e+00 -1.412506849159656186e+00
-1.413171217100928079e+00 1.242645579412399393e+00 -1.626230355696319574e+00
3.173852901573795293e+00 -2.879644429143932260e+00 -1.766320195325362441e+00
-5.818220893515864134e-01 2.155852674588568885e+00 -1.834467039056626891e+00
3.010722676201389003e+00 -3.003729425657398089e+00 -1.819410323005908658e+00
5.463050113725416157e-01 2.766051720770128508e+00 -1.723617632010305378e+00
2.287836836021870823e+00 -2.780236183943786799e+00 -1.547204014814778983e+00
1.723551113963055048e+00 2.995793269962199190e+00 -1.297365022365530640e+00
1.284843584060783250e+00 -2.180001268003142201e+00 -9.847644971044668960e-01
2.606183163957100479e+00 2.854017512514571031e+00 -6.329460727733144942e-01
3.063103603000784658e-01 -1.325840713168416229e+00 -2.510666194124178685e-01
2.921392932158173750e+00 2.455642428112132514e+00 1.480557723025513750e-01
-3.961626932182168437e-01 -3.742487533661768007e-01 5.306134777834462524e-01
2.520495001509178046e+00 1.958469922851308498e+00 8.859079891637948734e-01
-7.439469339188637953e-01 4.546263898555444327e-01 1.196816172074571138e+00
1.481909760369378715e+00 1.530922524660883743e+00 1.450524777314986524e+00
-7.948247854433765358e-01 9.675547476416601622e-01 1.634969918362094043e+00
9.331590081788267155e-02 1.292304213527157186e+00 1.744240097917379551e+00
-7.335377770939824904e-01 1.037934870298029111e+00 1.773915337917276958e+00
-1.226557222746916143e+00 1.289567470819347417e+00 1.724777939892388812e+00
-7.803903449992213304e-01 6.495951821523598957e-01 1.600081358289156874e+00
-2.065770111476359805e+00 1.485785128620252138e+00 1.406550940799666138e+00
-1.095738494623668124e+00 -9.303148534783335644e-02 1.153287362081097278e+00
-2.164127362444318692e+00 1.770645181610937868e+00 8.519663117894428206e-01
-1.704548588864854830e+00 -9.928402194485463905e-01 5.151371493836144344e-01
-1.504984639184907325e+00 1.992595321782931306e+00 1.579556634800540205e-01
-2.471311606991168475e+00 -1.818949274152752427e+00 -2.055745127869854083e-01
-3.067941046972239572e-01 2.011498293399011317e+00 -5.572623199519345372e-01
-3.128341472692911296e+00 -2.373807733846804435e+00 -8.865785271891757358e-01
1.037014217689791407e+00 1.727371358186404970e+00 -1.176788605548712230e+00
-3.414356201288263115e+00 -2.561752869985701953e+00 -1.414914218870296336e+00
2.159769642214649288e+00 1.141124100802315855e+00 -1.590248405829817857e+00
-3.131800822694359887e+00 -2.386953371770712540e+00 -1.692588327511190815e+00
2.808754919988206034e+00 3.507152934247605436e-01 -1.716762162117083212e+00
-2.271981599679734121e+00 -1.957622502116020735e+00 -1.659801968515617787e+00
2.934419661036482552e+00 -4.752980886185609877e-01 -1.524311349902708557e+00
-1.021317903018095885e+00 -1.443302567171158568e+00 -1.312686885624891220e+00
2.663395744330161463e+00 -1.133875355058156176e+00 -1.036200815024776123e+00
2.763110478436536788e-01 -1.010586162916419006e+00 -7.056480069489310392e-01
2.241493136584845836e+00 -1.447265795853698966e+00 -3.355685547346064501e-01
1.245654820577002386e+00 -7.815211610747968551e-01 5.132172132855383762e-02
1.889992987452709494e+00 -1.314599467202610450e+00 4.378201401067883802e-01
1.571229973848892403e+00 -8.031265193702950000e-01 8.046227978362110456e-01
1.769150136067884294e+00 -7.393992991961569894e-01 1.141518124263714018e+00
1.153707759389840826e+00 -1.034278355370949143e+00 1.415974733240672023e+00
1.876292994399451741e+00 1.658327946254447849e-01 1.623231446963406599e+00
1.158068883220125522e-01 -1.358228896393524732e+00 1.754551132580695949e+00
2.071981806109968183e+00 1.198604951934240770e+00 1.804749912172204596e+00
-1.216246029858450095e+00 -1.619310500523639229e+00 1.773324243093931774e+00
2.130245995805692072e+00 2.120620126867811539e+00 1.663048388788449961e+00
-2.428302576193500428e+00 -1.664635892882644352e+00 1.480589454251728165e+00
1.850138295798744670e+00 2.727946959173225938e+00 1.239056522306038355e+00
-3.156158215236893660e+00 -1.384549650361853068e+00 9.423502237412203497e-01
1.105840093268958935e+00 2.888320251017123752e+00 6.077822028409205490e-01
-3.233016997682555349e+00 -7.868368060270917175e-01 2.501526743983602530e-01
-2.142145733784694625e-02 2.613447084527739772e+00 -1.155278202843939561e-01
-2.690312140267186791e+00 3.743219144731622233e-02 -4.736677065593044023e-01
-1.282243962991574726e+00 2.021809065399231109e+00 -8.098111952109734446e-01
-1.757961657968966307e+00 9.066864351839488689e-01 -1.111320436965049785e+00
-2.314362409870499349e+00 1.303061832713029666e+00 -1.355920550793417112e+00
-7.600530111133506628e-01 1.598455360937982128e+00 -1.548792875557823079e+00
-2.804382920169390392e+00 6.622178742755667757e-01 -1.674259315853998453e+00
1.963180738475859416e-02 1.933050166973763861e+00 -1.727526285104870052e+00
-2.561899016109537630e+00 2.423925196238843616e-01 -1.702770515204292900e+00
4.504287009061996305e-01 1.797886642212884301e+00 -1.605451346777170940e+00
-1.643852328648226058e+00 9.912859742588214784e-02 -1.436061086248935581e+00
5.454522549367522011e-01 1.196161086786580396e+00 -1.196951476219446198e+00
-3.087706170620986845e-01 2.094023659878337662e-01 -9.087394488736006970e-01
4.797315602230189935e-01 2.684012152155164088e-01 -5.725681754694654790e-01
1.045169594044466299e+00 4.626637062762276043e-01 -2.162710894945549800e-01
4.727231671869234764e-01 -7.698117787994854799e-01 1.497810068597780209e-01
2.011523169300011293e+00 7.132531693569149622e-01 5.089852938607228872e-01
7.175249727302973612e-01 -1.679501231021586438e+00 8.433988420503123473e-01
2.312677532832559280e+00 7.913557091795716536e-01 1.138116363251796104e+00
1.281647267699839166e+00 -2.273025420973163957e+00 1.378140876544164950e+00
1.878189696663046249e+00 5.970831530339284487e-01 1.553496194766851968e+00
2.076851517316929741e+00 -2.428423863547730654e+00 1.654951231755559249e+00
8.586283099450555678e-01 1.061536941459750444e-01 1.679164204055996867e+00
2.872334202228398414e+00 -2.142323247287812205e+00 1.624796130917387282e+00
-4.326431135254190652e-01 -6.069745351459736593e-01 1.494775521923196626e+00
3.372031603812453149e+00 -1.520606082766265077e+00 1.296047635381471830e+00
-1.633441905578185693e+00 -1.373439644357888012e+00 1.041895919854107122e+00
3.327286177348603324e+00 -7.412348549087833804e-01 7.348956816226337452e-01
-2.453496790966830599e+00 -1.997687961098266518e+00 3.917655922804106350e-01
2.655264192325880845e+00 -7.966971573358768224e-03 3.396353410181870980e-02
-2.772074720070006215e+00 -2.273178745751160967e+00 -3.328715960316655509e-01
1.483077898302430420e+00 5.140391217911753907e-01 -6.786208135687356036e-01
-2.656815606359782755e+00 -2.104325951756519153e+00 -1.005647991656857254e+00
1.328757224652670488e-01 7.444248538866415910e-01 -1.290127610438356109e+00
-2.311370673063195991e+00 -1.509355636541814372e+00 -1.519745426816619727e+00
-9.841601204748243736e-01 7.159685051091636554e-01 -1.683368469589332950e+00
-1.973599039222395657e+00 -6.139204390405095246e-01 -1.768753582912169220e+00
-1.515884128243805584e+00 5.319912415970521335e-01 -1.775579144170213119e+00
-1.816921276702742505e+00 3.630231698064317891e-01 -1.686333249230604681e+00
-1.290869673924296190e+00 3.617122110998992057e-01 -1.538805636706628954e+00
-1.896722417841267605e+00 1.172232333096360435e+00 -1.316575193430854496e+00
-4.090068664857026137e-01 3.242178742990924345e-01 -1.033618383525145124e+00
-2.113998855135126309e+00 1.625653256968853544e+00 -7.061533215980725364e-01
8.278584648294882165e-01 5.316929846805867887e-01 -3.418490701430331180e-01
-2.277095202454719747e+00 1.622183865158483673e+00 3.440238020535175273e-02
2.055465988562191093e+00 9.948224038663499025e-01 4.073953919089657871e-01
-2.152616830696228778e+00 1.181125153844149178e+00 7.616911311414026331e-01
2.919363059360340795e+00 1.645032125865991457e+00 1.078275059463836172e+00
-1.600550766853065410e+00 4.370431453539585509e-01 1.351552475307897572e+00
3.205364044012688041e+00 2.334015173901619722e+00 1.554289549586144625e+00
-6.250751156367878592e-01 -4.264432082255690815e-01 1.685553533482915034e+00
2.901457240696328821e+00 2.867136915091660132e+00 1.747660432847992329e+00
5.900979750958564862e-01 -1.197500051849088587e+00 1.722524364578593259e+00
2.163375126946583293e+00 3.053371469166609842e+00 1.621423945435420677e+00
1.717907766522730251e+00 -1.725825671624425794e+00 1.447484308684005017e+00
1.265509926931268403e+00 2.786638634095411682e+00 1.211574588563456567e+00
2.405743398738866556e+00 -1.923467032660687082e+00 9.266828052144756578e-01
4.766780682885696230e-01 2.081354693142871248e+00 5.983779626457587097e-01
2.411581653497201660e+00 -1.824640637929197728e+00 2.438141674874102216e-01
-2.294231712093241365e-02 1.067596288936746740e+00 -1.197782881467099186e-01
1.701875896092473583e+00 -1.536178234310737967e+00 -4.775719398254359982e-01
-2.185653307461614681e-01 -1.581184592265514818e-02 -8.129078083633497487e-01
4.866964099744858219e-01 -1.218779440068384234e+00 -1.111021620286408051e+00
-2.348619021676011387e-01 -9.044703945417048585e-01 -1.357776113715082333e+00
-8.471269856757587258e-01 -1.028763238856911455e+00 -1.541480053594107114e+00
-2.750947025731159679e-01 -1.385495651498399372e+00 -1.652471337619407565e+00
-1.873621064963615579e+00 -1.069454992962742601e+00 -1.684909736307077743e+00
-5.277822521636236219e-01 -1.359971153553781509e+00 -1.635691555259091379e+00
-2.278183272324151076e+00 -1.360529162174290985e+00 -1.506614101371983372e+00
-1.081673099461212484e+00 -8.657586996209273300e-01 -1.302741549866914816e+00
-1.956216354067761287e+00 -1.821188185745869381e+00 -1.031698107036659318e+00
-1.873986697770874787e+00 -5.253081768732650869e-02 -7.107264274389591963e-01
-1.042079817201835068e+00 -2.328669456943411209e+00 -3.535058337901110237e-01
-2.712761312554220261e+00 8.505557853486778175e-01 2.709600937947154523e-02
1.798476596233871960e-01 -2.706863131024459079e+00 4.011014441575387335e-01
-3.319806585340445260e+00 1.647922235229350107e+00 7.557497347870466564e-01
1.364867435713235100e+00 -2.786987545630926544e+00 1.072888740152907028e+00
-3.447341111300394001e+00 2.172340123287713087e+00 1.338675563217196718e+00
2.222347634790886151e+00 -2.486396522634148898e+00 1.544780799164730656e+00
-2.960595105173250197e+00 2.362828438633155059e+00 1.675200759794368555e+00
2.627524859228893561e+00 -1.814638832738795449e+00 1.728278421376039597e+00
-1.912560088254258384e+00 2.249836526051079755e+00 1.704956129581969293e+00
2.607289987831500788e+00 -8.950099493800942607e-01 1.606074882392453551e+00
-5.693312902852623036e-01 1.948232345877088045e+00 1.438843642353084595e+00
2.330057420910127242e+00 5.914143525203192225e-02 1.210258525166560961e+00
6.750812337369136440e-01 1.615715754509994273e+00 9.317535018253222390e-01
2.023118642743431117e+00 8.029283031431558859e-01 6.147600299308758620e-01
1.430988366339088325e+00 1.404663079420988003e+00 2.730682836099325717e-01
1.875939877478515205e+00 1.134223356900435853e+00 -7.952469805385839474e-02
1.457479809750223065e+00 1.415078175808806682e+00 -4.284967397985579574e-01
1.962175549132483932e+00 9.583831814768847268e-01 -7.597187584623791290e-01
7.547686889696665347e-01 1.663675607201883011e+00 -1.059546514339794410e+00
2.210267054133724596e+00 3.189081171937704351e-01 -1.315375152857598096e+00
-4.367820480268362338e-01 2.078312393361616994e+00 -1.516175372226203022e+00
2.433870961710797864e+00 -6.176599326032609083e-01 -1.652660954988810493e+00
-1.730303820159237338e+00 2.519210865477505390e+00 -1.718147561869906470e+00
2.410327104639228502e+00 -1.616140302035085075e+00 -1.708558967137882023e+00
-2.736677923834227588e+00 2.820292388285372098e+00 -1.622913573552466682e+00
1.977124137169110396e+00 -2.445083897182362964e+00 -1.464147897870712089e+00
-3.197745310588285150e+00 2.838317431968032434e+00 -1.237535126478734870e+00
1.109944466069926916e+00 -2.940993282882113924e+00 -9.539372466638528225e-01
-3.057472747154446058e+00 2.496310255543433332e+00 -6.242828223408581900e-01
-4.587633103668829759e-02 -3.046288521168258434e+00 -2.590148950067129863e-01
-2.451758115765845236e+00 1.808617802736176561e+00 1.123978151821428129e-01
-1.208917719635111299e+00 -2.805155931020430593e+00 4.763087689779488265e-01
-1.635899142041784549e+00 8.933001561569204885e-01 8.172215246323635274e-01
-2.041518281592439532e+00 -2.349215087455857276e+00 1.116313379161352204e+00
-8.757961895229652294e-01 -5.813684036320743154e-02 1.360646304899157943e+00
-2.268117610538590068e+00 -1.846588715936440028e+00 1.537865681971456011e+00
-3.562694925122794620e-01 -8.195898445926574905e-01 1.640447943298926292e+00
-1.780153947835463546e+00 -1.453350043465848840e+00 1.663245471627635697e+00
-1.185210582328315443e-01 -1.189159486158633205e+00 1.608353702196756663e+00
-7.117269547172913047e-01 -1.280827747220181445e+00 1.477331011564037011e+00
-7.084824507266253291e-02 -1.062816692955285580e+00 1.279066797003421518e+00
6.051318189334659037e-01 -1.356580802099367711e+00 1.030480148672180407e+00
-2.080222912344708089e-02 -4.634312839131927708e-01 7.268988695875167050e-01
1.745168589983209895e+00 -1.625413980499120337e+00 3.902667251180756969e-01
2.312924326131113317e-01 4.541771337433010980e-01 3.524611709086480915e-02
2.342743757800314963e+00 -1.945595321632640262e+00 -3.196840414740834135e-01
8.054851184645783757e-01 1.463664450335206757e+00 -6.651856671062317261e-01
2.200334438108664692e+00 -2.166989409970823122e+00 -9.823601416950042964e-01
1.645910776591825275e+00 2.310542691413708383e+00 -1.259286900142143839e+00
1.395389894919409235e+00 -2.145140392574136801e+00 -1.473512029539161272e+00
2.579508188528687906e+00 2.819431174407429186e+00 -1.633801650829923569e+00
1.872201012668178732e-01 -1.795519362686273990e+00 -1.721511512601596072e+00
3.312559327142998278e+00 2.900295677905597724e+00 -1.733982610476434649e+00
-1.053480633052937820e+00 -1.155624338104690230e+00 -1.668956640766785293e+00
3.583562782550615999e+00 2.605151338989654786e+00 -1.527647097985504798e+00
-2.012459282215628420e+00 -3.338072053684615348e-01 -1.316915942218756630e+00
3.228974784597703263e+00 2.072261791182041790e+00 -1.043024945615583121e+00
-2.505586931860430244e+00 4.876369867507621692e-01 -7.205330316011454572e-01
2.288697536015550149e+00 1.478248257369059626e+00 -3.613729989533916998e-01
-2.555276870316844029e+00 1.110937518755637843e+00 1.455061423721961712e-02
9.754175474244080046e-01 9.900904913192891676e-01 3.934107411149430633e-01
-2.305101253872834377e+00 1.375959486750569338e+00 7.636378860485106834e-01
-3.384764475388778449e-01 7.162663950457115458e-01 1.091039018106267022e+00
-2.002957353463431733e+00 1.195990723430531588e+00 1.368138377591532562e+00
-1.283046616785146865e+00 6.785560205080840568e-01 1.583437024984998720e+00
-1.845155766199326752e+00 6.013141750235160288e-01 1.729945051934254518e+00
-1.563423290159494439e+00 8.187287529327835767e-01 1.795210478393159503e+00
-1.937454999385013865e+00 -2.622192422610876150e-01 1.779932841695510914e+00
-1.097065273483672554e+00 1.019997200875138788e+00 1.686060324691802226e+00
-2.238444305749592633e+00 -1.180772369503131136e+00 1.524650614706720919e+00
-3.626608614936831232e-02 1.142167429822481095e+00 1.304444788258813270e+00
-2.570107562202951890e+00 -1.917342889318601751e+00 1.014953984698289791e+00
1.282214785912738630e+00 1.043172733214892345e+00 6.878256923223446950e-01
-2.690186742780884988e+00 -2.307522136804679214e+00 3.378316910905734827e-01
2.449119979097879707e+00 6.557847347376428715e-01 -3.483414804293934880e-02
-2.406922828137517012e+00 -2.285843707798020485e+00 -4.027837915597024532e-01
3.142062973503203960e+00 7.058051681685617758e-03 -7.530285964611809213e-01
-1.642756752441559831e+00 -1.885219210879861107e+00 -1.065492067529861808e+00
3.225630818398031785e+00 -7.868186844297528904e-01 -1.329398128933009682e+00
-5.107463795674553886e-01 -1.252178208963349970e+00 -1.531204922207416441e+00
2.773820790145410164e+00 -1.539131519290360073e+00 -1.660345683379339743e+00
7.104819974750603562e-01 -5.752258283954456708e-01 -1.714415856304719155e+00
2.026977469872629722e+00 -2.055417649355540277e+00 -1.688396542945139522e+00
1.681049723432403109e+00 -3.649034037217363524e-02 -1.583147599215688262e+00
1.263826252120853422e+00 -2.181659619627080104e+00 -1.402651934800758449e+00
2.099071120745533925e+00 2.475104240731252903e-01 -1.156003995313687804e+00
7.053864731222276863e-01 -1.853030590414753487e+00 -8.538172921359913348e-01
1.822664236950168437e+00 2.478659386969107592e-01 -5.114558101838231341e-01
4.370723702659362053e-01 -1.113840461842329210e+00 -1.445013522918742466e-01
9.248875469051214271e-01 2.446224295764114903e-02 2.288454579048983251e-01
3.921165246734875098e-01 -1.095472299625186302e-01 5.912928163345555488e-01
-3.219294410941352380e-01 -2.959143738668622570e-01 9.257136024511817274e-01
3.919518264794201179e-01 9.465537527095919668e-01 1.216832704671667820e+00
-1.529970853732489644e+00 -5.562586699980723859e-01 1.451936212595014597e+00
2.287935861755882594e-01 1.830067593589098429e+00 1.627553767960781439e+00
-2.320657954252796529e+00 -6.035000623234566541e-01 1.723129672685436375e+00
-2.499499442747133982e-01 2.338441076179057276e+00 1.741588816896000980e+00
-2.455105963085608245e+00 -3.667971542119821682e-01 1.683717869207306483e+00
-1.048595898007935734e+00 2.388425038213068063e+00 1.560003119680149819e+00
-1.900434894420280463e+00 1.674311433255405435e-01 1.360628640257183664e+00
-2.017449159018895433e+00 1.991670540377169729e+00 1.104489766664279671e+00
-8.489420494545532048e-01 8.889263830138465217e-01 8.011888221695346868e-01
-2.885883042692224620e+00 1.282225231035247992e+00 4.584894907557673926e-01
3.613831615440366019e-01 1.626086887488074728e+00 9.383590838617499041e-02
-3.353086882150962289e+00 4.661105628294014980e-01 -2.765134672961855333e-01
1.408250126633093569e+00 2.173620046817476670e+00 -6.387121776687177954e-01
-3.203625991565304254e+00 -2.568531585215437230e-01 -9.752765008959933812e-01
2.062794296612769696e+00 2.359081458613213833e+00 -1.273801711705131456e+00
-2.413425210448764346e+00 -7.380356958995694105e-01 -1.518382768416093320e+00
2.269911204630722601e+00 2.100315642037999364e+00 -1.699606789113641048e+00
-1.177025875143379530e+00 -9.208002933307961602e-01 -1.806229160297319725e+00
2.143816102346852048e+00 1.436071845241943867e+00 -1.833538968302233396e+00
1.478763544859941215e-01 -8.472268204395971836e-01 -1.777605320523972576e+00
1.901022348683865770e+00 5.180622253584030723e-01 -1.640249978928240981e+00
1.161198909300285464e+00 -6.356512081373242307e-01 -1.426234315910567707e+00
1.762568365208638355e+00 -4.325828824163591713e-01 -1.145079101997189319e+00
1.557407196585240294e+00 -4.391635521607648585e-01 -8.096702372062278830e-01
1.863464591099696976e+00 -1.188087563906019772e+00 -4.364044852305327127e-01
1.225227691630064175e+00 -3.981809222670477100e-01 -4.366901525634390296e-02
2.198696855787000803e+00 -1.567824190909296922e+00 3.514915066594276327e-01
2.766880496987885740e-01 -5.884965717507730787e-01 7.237746188538760617e-01
2.624598217872797346e+00 -1.512224629680026355e+00 1.058164014116301344e+00
-9.956702193342886753e-01 -1.030878092121080059e+00 1.337379653734266816e+00
2.907599702410455400e+00 -1.046603781326691074e+00 1.550561357497373116e+00
-2.221426776936037850e+00 -1.632847199859264187e+00 1.686194787679748286e+00
2.816643235043560622e+00 -3.027004178242165278e-01 1.742180882808936238e+00
-3.071234977258821885e+00 -2.238060578633276787e+00 1.714492443604060945e+00
2.223335111428790256e+00 5.277358699924055152e-01 1.608840034321792567e+00
-3.362842286518969992e+00 -2.655390194120269776e+00 1.435007309148385701e+00
1.172236054868268207e+00 1.250321395852133755e+00 1.191707745771668936e+00
-3.099039550992815251e+00 -2.731132389716745212e+00 8.954914343941589028e-01
-9.774025801264273061e-02 1.711547964440732761e+00 5.599593803632532119e-01
-2.462578749715662596e+00 -2.386447815250475557e+00 2.004330978980149169e-01
-1.232707931529962275e+00 1.860337490757885570e+00 -1.687268808186474234e-01
-1.718496053481547881e+00 -1.661667487673900601e+00 -5.302716480990044001e-01
-1.881042202440685873e+00 1.740041749267985827e+00 -8.703410238408525457e-01
-1.108641615751220444e+00 -7.125122312488039178e-01 -1.172736544464820785e+00
-1.830203561275469681e+00 1.472335299396947850e+00 -1.425359320882252367e+00
-7.619603390542866173e-01 2.312211632799606176e-01 -1.615657006441564292e+00
-1.095017487616823715e+00 1.214084889254846589e+00 -1.735078017749664969e+00
-6.536496531915175767e-01 9.400008775415640283e-01 -1.771254054997727367e+00
8.594719714287690771e-02 1.114879448251226979e+00 -1.732977794071404620e+00
-6.383031181107041707e-01 1.225749481119599027e+00 -1.613554433613408223e+00
1.315432135488907361e+00 1.244587709351119509e+00 -1.418298688658781392e+00
-5.159597429594031670e-01 1.033746481004394147e+00 -1.154333666482029175e+00
2.216657879214144256e+00 1.614096123302905417e+00 -8.315392783948317712e-01
-1.059587381271543255e-01 4.255520492202108929e-01 -4.693342101630010310e-01
2.506528543213719651e+00 2.138265741779373563e+00 -8.282997555502484566e-02
6.229041317127784749e-01 -4.421045693372805396e-01 3.089963081410228019e-01
2.134397547334899059e+00 2.669912708696840387e+00 6.876596424027259236e-01
1.575837058058152884e+00 -1.360118784366164180e+00 1.033071085893949359e+00
1.243167268214266485e+00 3.032465594930500608e+00 1.330695674317321942e+00
2.512656006041408041e+00 -2.126746553343426882e+00 1.564019998708920056e+00
1.136410201894314936e-01 3.070333699128823923e+00 1.725432379926085780e+00
3.130480555628962325e+00 -2.595944224840295522e+00 1.805818414007857919e+00
-9.395264019791736976e-01 2.700057058688293488e+00 1.805084299454338126e+00
3.176218631576748219e+00 -2.710907911528400049e+00 1.723091130994680809e+00
-1.675384049653239282e+00 1.947734756767221853e+00 1.566176704498418504e+00
2.565099340971908504e+00 -2.514177785267933452e+00 1.348254581782213801e+00
-1.996295203027766973e+00 9.561417954549250586e-01 1.068237501148518120e+00
1.416035373485244664e+00 -2.129106123634391334e+00 7.456254141200440166e-01
-1.987288270997527251e+00 -4.604366605968444881e-02 3.944197206255954935e-01
6.306172281661329149e-02 -1.720898615427271183e+00 3.075407573853343457e-02
-1.829672707454542024e+00 -8.095571505217808994e-01 -3.302770781079741869e-01
-1.069058377361983059e+00 -1.443385537955310660e+00 -6.727877103564988692e-01
-1.741988629970196323e+00 -1.140643729106677551e+00 -9.826227610625241082e-01
-1.614149363589536312e+00 -1.392349581517298374e+00 -1.246408193017474408e+00
-1.867627829072833867e+00 -9.576536749878271637e-01 -1.452350316280406339e+00
-1.393494778521774613e+00 -1.571422281738115379e+00 -1.592849034852805490e+00
-2.240318888030231825e+00 -3.323384162883825099e-01 -1.660984202012329103e+00
-4.971908445497437712e-01 -1.913658485786502661e+00 -1.653593790448053102e+00
-2.729091214962384715e+00 5.639593122546024961e-01 -1.570423891622318768e+00
7.943198040892133216e-01 -2.273268920309588825e+00 -1.415336494812573953e+00
-3.113268535012884808e+00 1.499101913554714116e+00 -1.194042095053864827e+00
2.096669585338011732e+00 -2.483593553087633854e+00 -9.186680634008296265e-01
-3.157597676803807207e+00 2.256580163973699982e+00 -5.976724700977754656e-01
3.059593788924827695e+00 -2.417192527062884899e+00 -2.489336170027439954e-01
-2.712269921974654885e+00 2.681643200653623271e+00 1.138734884522594887e-01
3.481371299993219370e+00 -2.006150388431734655e+00 4.713190297965549336e-01
-1.777289199131160347e+00 2.734216715120234564e+00 8.091207144278609320e-01
3.347600766541115824e+00 -1.282161772653775511e+00 1.109331014499056245e+00
-5.318004300094220094e-01 2.471551727701853718e+00 1.359751352835141480e+00
2.810154939650582051e+00 -3.772764100831899059e-01 1.547520084507682858e+00
7.113231712541531193e-01 2.032787005061768237e+00 1.672658120027978423e+00
2.117553948344747194e+00 5.097125965200293152e-01 1.713663490292028024e+00
1.579194007274950406e+00 1.571956860399578826e+00 1.676849275337764400e+00
1.503501266319766660e+00 1.132235948543990789e+00 1.567586402382650679e+00
1.800555163792326496e+00 1.248180643906689813e+00 1.383490263872390047e+00
1.122782007451862185e+00 1.318515513118624805e+00 1.136411428541692414e+00
1.294642550227099509e+00 1.159690559413602218e+00 8.371311759290807064e-01
9.881016896697244478e-01 9.939720852918840777e-01 4.985792310639005076e-01
2.266942448047927772e-01 1.310978598035839937e+00 1.353453127275546786e-01
9.760914923471689653e-01 2.237035250201685477e-01 -2.369667661123113500e-01
-1.047506369242634072e+00 1.621970847134835969e+00 -6.021189832285981369e-01
8.885957997388564955e-01 -8.044102942494584241e-01 -9.443347734343333633e-01
-2.108076258612467502e+00 1.950032128278262666e+00 -1.247848253956233888e+00
5.436114372715022958e-01 -1.836885736099634014e+00 -1.499563330106416403e+00
-2.620994673387753604e+00 2.141911729925997765e+00 -1.678833350015112025e+00
-1.348000630072373196e-01 -2.627961686797144480e+00 -1.793103051622832123e+00
-2.459170241722384187e+00 2.058481442276086426e+00 -1.826526888297275386e+00
-1.078962353041670319e+00 -3.031480416453150806e+00 -1.779146305004537520e+00
-1.715065015852187180e+00 1.649943967421256374e+00 -1.649197997779457303e+00
-2.073197934945956611e+00 -2.998087687561139969e+00 -1.444819411274350207e+00
-6.526334214741590367e-01 9.560722557050551629e-01 -1.172585882695608150e+00
-2.828666405449514976e+00 -2.602514840089865444e+00 -8.471287751496896501e-01
4.079317433228910605e-01 1.052009422853421861e-01 -4.830530138276952212e-01
-3.082579030189966485e+00 -1.990582750034013859e+00 -9.408490536284577765e-02
1.205620188476395072e+00 -7.015361677368262550e-01 2.969958416959889158e-01
-2.696879269134111468e+00 -1.370468551881999009e+00 6.665905712102693226e-01
1.623544858430645332e+00 -1.288513111745289041e+00 1.000110269668121887e+00
-1.727343876869763983e+00 -8.822837730044534865e-01 1.284530361703408508e+00
1.700028034727721238e+00 -1.487340160843509729e+00 1.504920285037280925e+00
-4.318115913880594681e-01 -6.244886009303038943e-01 1.654051117505733748e+00
1.600470224347729120e+00 -1.227542301925890422e+00 1.724743279238763582e+00
7.997325538590450700e-01 -6.107580823318201624e-01 1.716223938020289053e+00
1.538221656407058324e+00 -5.565563971598722626e-01 1.629325511056286313e+00
1.576152332176220083e+00 -7.648836055040411086e-01 1.469486530852897266e+00
1.687924445366880022e+00 3.698213272971157539e-01 1.244215897867124498e+00
1.628845621162878343e+00 -9.710044238865819244e-01 9.644093737461497673e-01
2.088682763366244810e+00 1.307228652130378421e+00 6.417370101636217239e-01
9.377100832426574772e-01 -1.071897228670043001e+00 2.909140529993859969e-01
2.644977970013848712e+00 2.030353440251313923e+00 -7.454846322317618124e-02
-2.782549465453839632e-01 -9.405928001637667846e-01 -4.369599615077440768e-01
3.136850652936367112e+00 2.366445659010122160e+00 -7.813692174095592247e-01
-1.637753032441447321e+00 -5.305103544522389303e-01 -1.094462565934742670e+00
3.318103395099922359e+00 2.267815080393512872e+00 -1.358639729623018821e+00
-2.761867559666261851e+00 1.176823179873815600e-01 -1.564932586600240372e+00
2.990519012718257041e+00 1.801935355910808223e+00 -1.699682010974991275e+00
-3.364866754972506424e+00 8.793804060966723402e-01 -1.759080313487954017e+00
2.144191267661383460e+00 1.131579335060105329e+00 -1.735174833712144871e+00
-3.394091296361269272e+00 1.568961514643147037e+00 -1.631235610565461291e+00
9.212171229302842379e-01 4.471745374640518356e-01 -1.447070173286702177e+00
-2.962199588322353527e+00 2.002734148609761178e+00 -1.193032652158968032e+00
-3.632052390530514652e-01 -8.071577670065178955e-02 -8.784963220354321534e-01
-2.315268116663435904e+00 2.046530636033450978e+00 -5.193100361392595232e-01
-1.348605428626980851e+00 -3.544272780612565676e-01 -1.326639571066534629e-01
-1.714661019878275905e+00 1.656925586336492895e+00 2.627032771733171512e-01
-1.741697326384639144e+00 -3.664795122047558862e-01 6.464856094603825820e-01
-1.339376705615801022e+00 8.986943710998246404e-01 1.000669146108865482e+00
-1.418486439988446701e+00 -1.936455507329536974e-01 1.307463967410942285e+00
-1.228713795693030075e+00 -6.483582815497852814e-02 1.553328682247329562e+00
-4.753270798155643240e-01 2.959708351900378412e-02 1.727035386553880558e+00
-1.279067165963391872e+00 -1.008850158765894234e+00 1.822206936408740097e+00
7.926418499760595759e-01 1.512665119942515901e-01 1.835481692087381100e+00
-1.290015155407502556e+00 -1.702713670887722186e+00 1.772512821706165198e+00
1.987513491966710788e+00 4.423650132182464778e-02 1.630629194247337432e+00
-1.059615748705541094e+00 -1.990197600499916897e+00 1.418778706215505503e+00
2.737539975739132547e+00 -3.378279050595388577e-01 1.151821911721997882e+00
-4.549020774508978904e-01 -1.799609322524715616e+00 8.351694420345151526e-01
2.830194838519970890e+00 -9.589261363729768561e-01 4.853798788498294159e-01
4.751107193161911990e-01 -1.218919986007484635e+00 1.181554277221612409e-01
2.274684934308962347e+00 -1.690303755857430534e+00 -2.437683297126699844e-01
1.548168612624928109e+00 -4.039451506409355019e-01 -5.949837994884757952e-01
1.297708851197453495e+00 -2.337159724842864161e+00 -9.256538928611510730e-01
2.452817878141690500e+00 4.051328482398856012e-01 -1.216060910646772131e+00
2.065520599866390861e-01 -2.721603651854503703e+00 -1.449103411182634416e+00
2.899008039131038217e+00 1.038015554315256050e+00 -1.619485827041011738e+00
-6.980170407558051737e-01 -2.700288545404996743e+00 -1.721966194972515574e+00
2.697249516594968810e+00 1.364736691401417401e+00 -1.748117227344149427e+00
-1.242275293774031342e+00 -2.244680067867718787e+00 -1.694818013457665362e+00
1.873812717434377939e+00 1.377159244858611187e+00 -1.563771548025997049e+00
-1.414149891497848088e+00 -1.423616524014142293e+00 -1.359361873582388691e+00
6.654282726471414389e-01 1.155491728600149148e+00 -1.089707398093505475e+00
-1.360672368782473773e+00 -4.149830082036585766e-01 -7.587428306086904106e-01
-5.659468045682017889e-01 8.306924994482551838e-01 -3.973613552418798212e-01
-1.304528158945137850e+00 5.576824877173759409e-01 -1.470686699891249859e-02
-1.446698606780720375e+00 5.573144463073231858e-01 3.706453886328859304e-01
-1.427702676732882425e+00 1.286623597739749103e+00 7.395504867100189950e-01
-1.691363431433015485e+00 4.688207692173978480e-01 1.073968906549996660e+00
-1.816729906248080839e+00 1.621902581399237597e+00 1.357060530503000129e+00
-1.218502087100663100e+00 6.326173785754591883e-01 1.575255167274044910e+00
-2.409660153382470860e+00 1.509567372194962065e+00 1.718235582657827054e+00
-1.693193492155010416e-01 1.033244371446022436e+00 1.779176596981306924e+00
-3.007795356418036636e+00 1.003611144739228189e+00 1.756776460648181493e+00
1.142341998259794877e+00 1.571842091422278820e+00 1.651228475382007010e+00
-3.343903082182224207e+00 2.498587574726336968e-01 1.470319679355574394e+00
2.340482723782720598e+00 2.089276328801779492e+00 1.220250989647297502e+00
-3.188074854840495576e+00 -5.562437521595049450e-01 9.158467721608781753e-01
3.118151009955316244e+00 2.410863854432621078e+00 5.761859108268407859e-01
-2.452435272901864582e+00 -1.219840763213531076e+00 2.097897172366104679e-01
3.336347892187820907e+00 2.410094630373600832e+00 -1.752893094109799210e-01
-1.255741153743134664e+00 -1.631138046327862856e+00 -5.532129309150718433e-01
3.054587194484176038e+00 2.025882685740564515e+00 -9.045368796875850048e-01
9.582190806732854282e-02 -1.740316285578226374e+00 -1.221944648044886561e+00
2.493763622603942132e+00 1.318127422627153100e+00 -1.487157504217639037e+00
1.214838207418807769e+00 -1.612849697703738538e+00 -1.688418935830644951e+00
1.916818802252776344e+00 4.499038691963700987e-01 -1.815875308155679546e+00
1.757570674532391797e+00 -1.366983633950753285e+00 -1.859881499399369309e+00
1.535875845844376419e+00 -3.559394431208409149e-01 -1.825841903987285741e+00
1.547375372283003703e+00 -1.153692990702366528e+00 -1.709931419052648671e+00
1.434857556273800627e+00 -9.059225933882978365e-01 -1.507882000495666119e+00
6.638772645641991543e-01 -1.102089853633437588e+00 -1.247533028923199838e+00
1.532923610650532398e+00 -1.057972509120557847e+00 -9.308646704967251662e-01
-6.255070890958135399e-01 -1.276395686998027967e+00 -5.737133860926846296e-01
1.652635679203201757e+00 -7.740868090712793581e-01 -1.919958288689469217e-01
-1.922344710564277026e+00 -1.660829622536506900e+00 1.955205164302685761e-01
1.573763056907309554e+00 -1.186998731495162718e-01 5.775883915496872190e-01
-2.854236394824673617e+00 -2.150098042609122295e+00 9.232913640448969783e-01
1.123758060875593268e+00 7.331791065982359301e-01 1.224132629737198830e+00
-3.183760229601050096e+00 -2.611637132173274090e+00 1.465498891761534139e+00
2.795561419038163908e-01 1.590927294136040615e+00 1.637468604313895071e+00
-2.856352354716922726e+00 -2.862359575301776093e+00 1.740887251898150634e+00
-8.133271260865805319e-01 2.274924625329426409e+00 1.756565565115468130e+00
-2.025627594728237391e+00 -2.768200551122883990e+00 1.698041709318275583e+00
-1.872891340387501380e+00 2.628295104457023523e+00 1.558407781790193125e+00
-9.737622618355431525e-01 -2.302451235015407605e+00 1.351565197700897336e+00
-2.564793062463640361e+00 2.645764846458487085e+00 1.087729375051778025e+00
8.201703176680114407e-03 -1.499942135745109040e+00 7.748714288562564834e-01
-2.645957236116478040e+00 2.379369204932343607e+00 4.282468689290132025e-01
6.883340904490483636e-01 -5.387076008531800353e-01 6.419774679144422957e-02
-2.048595196199640700e+00 1.970267606555628603e+00 -3.019849360421970608e-01
1.015099280347637301e+00 3.529962450407067021e-01 -6.542803645976525972e-01
-9.401760157181406896e-01 1.582650677387485327e+00 -9.768684464475435592e-01
1.084407066220118177e+00 9.512132617664318390e-01 -1.251774372014183845e+00
3.323350400345340128e-01 1.356347804274363522e+00 -1.471758153413220027e+00
1.086049084962888545e+00 1.094210790589875248e+00 -1.626981342558713184e+00
1.338873389675318215e+00 1.365786715090121950e+00 -1.707216691321386648e+00
1.213483252063413342e+00 7.572030700160906624e-01 -1.708250520109891202e+00
1.755922891138711472e+00 1.598690987505528405e+00 -1.626823098316840577e+00
1.587036398577025942e+00 2.969357006231683818e-02 -1.470526438484107246e+00
1.454525039961492627e+00 1.967630123676213039e+00 -1.243382357442226471e+00
2.184555414838005749e+00 -8.983489826415337332e-01 -9.567649793691985760e-01
5.384105875451072887e-01 2.328219492753119901e+00 -6.230900667039064311e-01
2.845559559636219316e+00 -1.806479838873356503e+00 -2.595930588318220433e-01
-7.085006938798779075e-01 2.524634037616437343e+00 1.173093988465256365e-01
3.321723686023237310e+00 -2.498427063902725287e+00 4.887366575372207311e-01
-1.929861859116705380e+00 2.432503156027869817e+00 8.374963098815007001e-01
3.367192870981862818e+00 -2.850168564722107334e+00 1.147725387003371011e+00
-2.817073747336964473e+00 1.998657656149062101e+00 1.404836742338674282e+00
2.840487175629295091e+00 -2.833335809317505838e+00 1.599162947952913250e+00
-3.202084612632766447e+00 1.266281356394323154e+00 1.721428214161426107e+00
1.782225242014172428e+00 -2.513582320045781859e+00 1.769067123108553297e+00
-3.096287636820739486e+00 3.753302613668340615e-01 1.739535797613542822e+00
4.330082113176170200e-01 -2.026087631297807334e+00 1.636587371809713698e+00
-2.666112636610834752e+00 -4.675906409486991211e-01 1.464367313002960858e+00
-8.274123539877087374e-01 -1.534123434138886966e+00 1.231527568844197118e+00
-2.155825104186141594e+00 -1.045777147834919374e+00 9.476738741660640786e-01
-1.606747700289309133e+00 -1.181055912921815665e+00 6.249329834877321854e-01
-1.783591651237431686e+00 -1.198123836003110343e+00 2.750395973529234372e-01
-1.643799738902325558e+00 -1.047760510309307724e+00 -8.482511522532343307e-02
-1.666868964724059987e+00 -8.780757720844868386e-01 -4.412738733896396925e-01
-9.175960538774757813e-01 -1.131629219459556746e+00 -7.717228742045679768e-01
-1.755685544234831585e+00 -1.631785477532482209e-01 -1.077783297811065522e+00
3.276456327653722300e-01 -1.355858466432514842e+00 -1.338631943047972506e+00
-1.887242173755293351e+00 7.576973668672633000e-01 -1.535237200424697690e+00
1.702475476635003648e+00 -1.571715213946367262e+00 -1.669425916336456428e+00
-1.865113476530759096e+00 1.639934611183442081e+00 -1.730572695914314396e+00
2.778795019203843086e+00 -1.650382725698818387e+00 -1.713644210546280799e+00
-1.491546785721260759e+00 2.277557384014193609e+00 -1.616205713601548410e+00
3.270141894001291849e+00 -1.475254345129849431e+00 -1.442708894355229088e+00
-7.196264691138187786e-01 2.545105124953759734e+00 -1.198745698976890317e+00
3.094731876826970929e+00 -1.008865225562904255e+00 -8.960978441268976358e-01
3.441786752648498537e-01 2.424004453689834637e+00 -5.419309175145988755e-01
2.381445595192432929e+00 -3.052739896890052096e-01 -1.669299072389505145e-01
1.452016093160290344e+00 2.001443187962085535e+00 2.242071579762243416e-01
1.396227598442059348e+00 5.047148520224110646e-01 5.966469596724141011e-01
2.287087232068016007e+00 1.429482925653771774e+00 9.387942951493766230e-01
4.320204809359753373e-01 1.233893613616244833e+00 1.233466725957375276e+00
2.576155711382059899e+00 8.757418887336286817e-01 1.466469124539225399e+00
-2.845289496712211097e-01 1.684461163041550025e+00 1.626535751412195863e+00
2.192422516348852657e+00 4.833032970689663532e-01 1.707392637666006907e+00
-6.668549518820569011e-01 1.709636584073177978e+00 1.705673408686853021e+00
1.223417263232903451e+00 3.313853658885190234e-01 1.623366083670396254e+00
-7.783232911025891321e-01 1.264198515365570596e+00 1.464943826994456799e+00
-3.716599640151776324e-02 4.156862534659869768e-01 1.239197297237504269e+00
-7.907526295407141248e-01 4.296969796727029278e-01 9.567225457422599000e-01
-1.180865182645181255e+00 6.513656178232953842e-01 6.310735565023140037e-01
-9.035658512344270088e-01 -6.008861783325167849e-01 2.763451735635628070e-01
-1.827479351008116870e+00 9.027395436059236777e-01 -8.171598785706600532e-02
-1.250637768823098961e+00 -1.576023732183363002e+00 -4.476523877086959757e-01
-1.768864816174448018e+00 1.014603573488878308e+00 -7.948971557630727380e-01
-1.841226794504953634e+00 -2.269183127178535653e+00 -1.110042725962218313e+00
-1.032070915100831821e+00 8.782024573271429713e-01 -1.377787365851303791e+00
-2.526465473382601967e+00 -2.528032846796201216e+00 -1.585422863760515444e+00
1.407215810228773512e-01 4.657012447597543292e-01 -1.726797853944409766e+00
-3.084237030261343104e+00 -2.343409094232197010e+00 -1.788993056661752235e+00
1.375712169525670214e+00 -1.770511121111296993e-01 -1.777019047146202402e+00
-3.258094545963725608e+00 -1.807041758165183420e+00 -1.684890502699450066e+00
2.348589062490194834e+00 -9.116753235751424711e-01 -1.517731814024400272e+00
-2.893826206710685245e+00 -1.092523241933643918e+00 -1.279480575910328266e+00
2.855254616207881568e+00 -1.556841234652528438e+00 -9.835183052196623255e-01
-2.000121250593503763e+00 -3.935922257344264263e-01 -6.399024285261660783e-01
2.877812461521467302e+00 -1.937193144802149103e+00 -2.675545624144873846e-01
-7.689789754611541239e-01 1.328729944399648089e-01 1.183547420439274855e-01
2.564137963097415263e+00 -1.925008034319748873e+00 4.978578275949109289e-01
4.757056139250205873e-01 4.092532528169842698e-01 8.531445776767906386e-01
2.132486343722600708e+00 -1.503775557479305913e+00 1.167175057617181100e+00
1.352013147266834414e+00 4.311886928947481490e-01 1.425066813136561139e+00
1.809315853566417998e+00 -7.493815876596872094e-01 1.615479384205563029e+00
1.583955858865196964e+00 2.971868326449210174e-01 1.729454164431595053e+00
1.724131157345179410e+00 1.698016571489610049e-01 1.763607286225187032e+00
1.071866769028662292e+00 1.268570072578207586e-01 1.716761815713463868e+00
1.853323743715110883e+00 1.013531584592439083e+00 1.592705131671058094e+00
-3.112887075699852929e-02 7.254788169348862226e-02 1.401475445698337818e+00
2.051056183601526861e+00 1.573504794401444862e+00 1.144019908349246384e+00
-1.390622184902904790e+00 2.294009489655905176e-01 8.382392496722061992e-01
2.098572373732547014e+00 1.713975702323172090e+00 4.983707134102671743e-01
-2.576918549609380271e+00 6.375204551508067974e-01 1.417287442379252249e-01
1.793484927778967286e+00 1.413776339097451817e+00 -2.221277806032378732e-01
-3.246472844464701080e+00 1.238631547602174310e+00 -5.755344766189012251e-01
1.055248568233991824e+00 7.747006322324865302e-01 -9.003981314288697080e-01
-3.246001787749956069e+00 1.896274359899523976e+00 -1.184638707513744116e+00
-2.927257415415672123e-02 -2.178669083062866746e-02 -1.413926531332718062e+00
-2.648447054511680498e+00 2.433671842807986430e+00 -1.578690732272193697e+00
-1.211699232600904619e+00 -7.644021330580228479e-01 -1.663850837280083983e+00
-1.702197303798688832e+00 2.695782173112224012e+00 -1.678906262799717775e+00
-2.165404496628071662e+00 -1.297734777023096919e+00 -1.615956642557923262e+00
-7.228126343385897767e-01 2.566123084110819796e+00 -1.476786797304231902e+00
-2.592456645551174610e+00 -1.538291778538825927e+00 -1.268510701635968019e+00
3.399568343976179519e-02 2.029317494864925742e+00 -9.985114380682950097e-01
-2.338468665094251442e+00 -1.480487679941837831e+00 -6.752730915357123553e-01
4.478143461383536916e-01 1.194278390191759742e+00 -3.232219838816192126e-01
-1.462368175428510719e+00 -1.238144757027714649e+00 4.581395356882470710e-02
5.544280723600490957e-01 2.172600786515760940e-01 4.149816148232665092e-01
-2.118882000779703789e-01 -9.397634192122372720e-01 7.757435338763963850e-01
5.268400148423331153e-01 -6.741861637787770478e-01 1.093636498461743489e+00
1.024759992866974168e+00 -7.401284770422482673e-01 1.363073518304974474e+00
5.662296838484017769e-01 -1.279207621074510914e+00 1.572078055061411073e+00
1.869771873479048052e+00 -7.518820644908547068e-01 1.711355318372508982e+00
8.435614914339008008e-01 -1.457279124174889029e+00 1.775256657903134139e+00
2.064203422134736510e+00 -1.021022545822020122e+00 1.761176561035554311e+00
1.403570891257927666e+00 -1.175811364556797356e+00 1.670239851776080364e+00
1.558290796602879613e+00 -1.506697585227642522e+00 1.506679805619318691e+00
2.138585751951297187e+00 -5.187705711278893794e-01 1.277706761596842711e+00
5.236955825708254908e-01 -2.086534331078393922e+00 9.933531255381512493e-01
2.816060455928002249e+00 3.377897250577832078e-01 6.656120962804442653e-01
-7.156412737856497897e-01 -2.587268862410949666e+00 3.084854911546064948e-01
3.161685825369667135e+00 1.178873030063435801e+00 -6.296266651281867688e-02
-1.806408212440449468e+00 -2.835129196746676072e+00 -4.329042663351752029e-01
2.970949878636558239e+00 1.814525912316382605e+00 -7.853430025114287449e-01
-2.491784492052719457e+00 -2.711858770880614777e+00 -1.104794504146415779e+00
2.205317509240726448e+00 2.132636049571694503e+00 -1.376877444167802444e+00
-2.681986211323945657e+00 -2.196249875490630998e+00 -1.584105263773278205e+00
1.039634238576289116e+00 2.124702107601269763e+00 -1.725615815981836887e+00
-2.494104585082002501e+00 -1.377877342951347783e+00 -1.779292845023182634e+00
-2.144263451875987325e-01 1.875863976014971568e+00 -1.761201152274032289e+00
-2.135920460178671210e+00 -4.423781345689425937e-01 -1.660788028832629326e+00
-1.175217306853503230e+00 1.524116533680286434e+00 -1.482761443459994055e+00
-1.838579710844312265e+00 3.942585034324989635e-01 -1.234210057419685258e+00
-1.536966449476314667e+00 1.228064104925144173e+00 -9.276168609043349278e-01
-1.759418468121636270e+00 9.382080622394040059e-01 -5.774069381112983956e-01
-1.176851458261213290e+00 1.112029114398470853e+00 -2.024931407180071419e-01
-1.919336418394477439e+00 1.074119863984344780e+00 1.805162349853595694e-01
-1.952927773838319392e-01 1.217294295525616299e+00 5.507444272564986365e-01
-2.196938468148273316e+00 7.766877625584460709e-01 8.913006079941351301e-01
1.117739857769453948e+00 1.519094258628590266e+00 1.184116213260786754e+00
-2.374733991427674606e+00 1.390016177273529219e-01 1.418090574221975375e+00
2.376549693852109346e+00 1.913211313068260422e+00 1.580561773307311402e+00
-2.226356768389182506e+00 -6.717333087597415764e-01 1.668155552078904202e+00
3.225582821384278098e+00 2.249215148849265322e+00 1.675624943850353432e+00
-1.617631629195217302e+00 -1.451921794160351720e+00 1.613003444119907703e+00
3.453137712412253535e+00 2.380824419235345157e+00 1.469911644030632125e+00
-5.747705136852466756e-01 -2.036058811413819836e+00 1.261371169967953954e+00
3.059098761396595201e+00 2.190752254352531736e+00 9.968594167509485793e-01
6.877625619492875320e-01 -2.311393286387382950e+00 6.880794244385767255e-01
2.228756459805875778e+00 1.664320734195736451e+00 3.491613853495860176e-01
1.828056747609152044e+00 -2.268641481190192710e+00 -6.544134982896193317e-03
1.257109478374471401e+00 8.876808644144984495e-01 -3.630778770688477541e-01
2.492857473122989997e+00 -1.990935737859771626e+00 -7.064357007418089474e-01
4.291812749703355356e-01 3.536410900580858746e-02 -1.021611682315076708e+00
2.453292052972091852e+00 -1.615194664133805524e+00 -1.295125572730313479e+00
-8.262959475178487112e-02 -6.703872151744182384e-01 -1.515383913342696731e+00
1.706870051780895903e+00 -1.304912892416915993e+00 -1.663057999371043039e+00
-2.618250024823578492e-01 -1.047682558276428422e+00 -1.748127811435359336e+00
4.794047864848294815e-01 -1.178248282970826510e+00 -1.750555269353640586e+00
-2.457741086920431084e-01 -9.899886887721135453e-01 -1.681384152947044130e+00
-8.543479605256960596e-01 -1.286043235423652620e+00 -1.535920899350232460e+00
-2.534873687112701446e-01 -5.036823384645844337e-01 -1.319715612059197074e+00
-1.875973737266480423e+00 -1.593434933143365262e+00 -1.041586155771411448e+00
-4.667229628940526287e-01 3.035508318840012265e-01 -7.140983174943575928e-01
-2.286382648595306488e+00 -1.998954459357146440e+00 -3.517468762817138050e-01
-9.746651486146760135e-01 1.246996056658490115e+00 2.708269892600662435e-02
-1.990073744993259508e+00 -2.356864569783289287e+00 4.060164056803177157e-01
-1.719047678312169536e+00 2.119150117016421309e+00 7.641620913951184813e-01
-1.108974799508267717e+00 -2.515855808418763218e+00 1.087476601588867275e+00
-2.501895473892105759e+00 2.741857894722683930e+00 1.357354068398442859e+00
8.106782462862778538e-02 -2.363960490887950350e+00 1.566318318594001724e+00
-3.039654784834159518e+00 3.007065166874522966e+00 1.699838554653558820e+00
1.227279523422130536e+00 -1.863805014693157069e+00 1.756728121053103164e+00
-3.098042702751774513e+00 2.903610271781178920e+00 1.734069733965158511e+00
2.060733312345354395e+00 -1.080362281969342142e+00 1.635248246165944330e+00
-2.557263934493531732e+00 2.509017949940921088e+00 1.465907030753281104e+00
2.447396548591699972e+00 -1.729797694736046332e-01 1.234237972333911415e+00
-1.505164514414967014e+00 1.968937505566070056e+00 9.521177075557467617e-01
2.425711761309967684e+00 6.418896078135187810e-01 6.313089855851228283e-01
-2.265499889761044550e-01 1.451029921385940114e+00 2.869301716886649700e-01
2.170040943699576008e+00 1.152787151907455732e+00 -6.714746071266187999e-02
8.847274229820742963e-01 1.094983110955749295e+00 -4.152683965363795915e-01
1.905707502578092072e+00 1.219792836317443729e+00 -7.432702845608897269e-01
1.466194431624579630e+00 9.726977632537057161e-01 -1.037053635585265310e+00
1.814801499007553831e+00 8.278034179841367024e-01 -1.277499315350818954e+00
1.325357262768077637e+00 1.078863462732902567e+00 -1.467576058787320115e+00
1.947409560927326533e+00 6.623352554070867371e-02 -1.591893133854371811e+00
4.991702665729655930e-01 1.307401915033490125e+00 -1.644372587667972230e+00
2.223687670210250822e+00 -8.604772759245568059e-01 -1.621684612096358613e+00
-7.441846664131428479e-01 1.528625329489500917e+00 -1.524058830398388409e+00
2.453073601726343700e+00 -1.721293984292183721e+00 -1.354198282085497418e+00
-2.021411553626304425e+00 1.600375172010363167e+00 -1.119598799164985836e+00
2.420611298215650464e+00 -2.314020469576098193e+00 -8.164945869965608560e-01
-2.967502403777901865e+00 1.432429688493925823e+00 -4.848494136911973285e-01
1.958424005224439046e+00 -2.541629249286067704e+00 -1.210219908584388299e-01
-3.357986881768323162e+00 9.765865301082903294e-01 2.475939686819695063e-01
1.056459972178973805e+00 -2.398196916097795395e+00 6.091529111752441716e-01
-3.144505070758527587e+00 2.883078460902234741e-01 9.448477277608868796e-01
-1.280447526146413495e-01 -1.964174132064972600e+00 1.239260278666672210e+00
-2.486864705290638966e+00 -4.926947919840365953e-01 1.477496471179804205e+00
-1.314900704713942492e+00 -1.386436783701380016e+00 1.648414053273946189e+00
-1.631642785158329945e+00 -1.178927571365941507e+00 1.743826263953051070e+00
-2.150259870703367326e+00 -8.304005092085127160e-01 1.759402578914467385e+00
-8.458864718081463563e-01 -1.581405260675721847e+00 1.694632976691193615e+00
-2.352224838010295027e+00 -4.341454453953066395e-01 1.559226020536708113e+00
-3.145426056495273515e-01 -1.571500867934199297e+00 1.346677312697967643e+00
-1.826094819137402236e+00 -2.640613284199143651e-01 1.073538656159337856e+00
-8.418388399127506305e-02 -1.118670390036885953e+00 7.518258929203985863e-01
-7.124517274528889832e-01 -3.089353261861553235e-01 4.002778824063610852e-01
-5.040263613973485629e-02 -3.114547257398061486e-01 3.349684065961539697e-02
