countA, countB, T
301,9, 1.0880687236785889
300,13, 2.1823015213012695
300,7, 3.277472972869873
300,12, 4.370543003082275
300,17, 5.463291645050049
300,10, 6.555711507797241
300,15, 7.65155553817749
300,9, 8.74208927154541
301,7, 9.836248397827148
301,10, 10.930904388427734
300,14, 12.024800539016724
300,16, 13.118261098861694
300,10, 14.212462663650513
300,13, 15.30917501449585
300,13, 16.398861408233643
300,15, 17.49271249771118
300,8, 18.586655855178833
301,8, 19.683379411697388
300,12, 20.775135278701782
300,18, 21.866822957992554
300,16, 22.962398529052734
300,9, 24.0572772026062
300,9, 25.153431177139282
300,4, 26.24569034576416
300,13, 27.336325645446777
300,10, 28.42897129058838
301,9, 29.523765325546265
300,10, 30.61471962928772
300,14, 31.70825982093811
300,11, 32.79903244972229
300,11, 33.89238667488098
300,10, 34.98383069038391
300,9, 36.07714128494263
300,8, 37.16619539260864
301,15, 38.26099228858948
301,14, 39.355090379714966
300,10, 40.44835066795349
300,11, 41.54040575027466
300,8, 42.6344211101532
300,7, 43.730751037597656
300,10, 44.817994117736816
300,14, 45.90949559211731
301,11, 46.99816632270813
301,6, 48.09016013145447
300,14, 49.182738304138184
300,4, 50.27416777610779
300,8, 51.36791157722473
300,7, 52.454912185668945
300,6, 53.55101418495178
300,10, 54.64800477027893
300,8, 55.74747633934021
301,13, 56.83960700035095
300,12, 57.92695188522339
300,14, 59.021952629089355
300,4, 60.11554503440857
300,9, 61.21240520477295
300,6, 62.30820631980896
300,5, 63.40596914291382
300,10, 64.49955034255981
300,7, 65.59688711166382
301,6, 66.69368743896484
300,11, 67.7956690788269
300,13, 68.89736866950989
300,11, 69.98161458969116
300,4, 71.08018374443054
300,12, 72.17905616760254
300,9, 73.27731251716614
300,10, 74.36661028862
300,15, 75.46524167060852
301,11, 76.55453705787659
300,3, 77.64963459968567
300,7, 78.74466395378113
300,10, 79.84323525428772
300,12, 80.93631792068481
300,11, 82.03585267066956
300,8, 83.12259888648987
300,15, 84.21248960494995
301,7, 85.3044044971466
300,13, 86.40021872520447
300,8, 87.49777841567993
300,9, 88.59485816955566
300,9, 89.68538689613342
300,15, 90.77377581596375
300,7, 91.87517595291138
300,13, 92.9608268737793
301,14, 94.05208468437195
301,17, 95.13742971420288
300,8, 96.23213386535645
300,5, 97.32559084892273
300,8, 98.41987991333008
300,7, 99.51952481269836
300,4, 100.62102627754211
300,13, 101.7111804485321
300,13, 102.80586075782776
301,8, 103.89545011520386
300,9, 104.99322390556335
300,10, 106.08843851089478
300,9, 107.18269419670105
300,13, 108.2782347202301
300,12, 109.37521862983704
300,11, 110.46838450431824
300,10, 111.56409358978271
300,11, 112.65075874328613
300,10, 113.74396538734436
300,9, 114.83691096305847
300,13, 115.93095684051514
300,10, 117.0210931301117
300,9, 118.11320853233337
300,18, 119.20587682723999
300,19, 120.29690933227539
300,15, 121.39043807983398
300,13, 122.48353028297424
301,13, 123.56996941566467
300,10, 124.6660315990448
300,13, 125.76458168029785
300,14, 126.8580391407013
300,15, 127.95166277885437
300,15, 129.0428216457367
300,6, 130.1364529132843
300,6, 131.22960782051086
301,10, 132.3224265575409
300,11, 133.41389179229736
300,10, 134.50583720207214
300,14, 135.59885001182556
300,10, 136.69043254852295
300,11, 137.7872495651245
300,9, 138.88456535339355
300,15, 139.97822666168213
301,15, 141.0737705230713
301,8, 142.16834378242493
300,11, 143.26115775108337
300,11, 144.3521900177002
300,7, 145.4441533088684
300,9, 146.53445267677307
300,16, 147.62795209884644
300,12, 148.7268464565277
301,8, 149.8135027885437
301,12, 150.90147376060486
300,10, 151.99628019332886
300,17, 153.0813126564026
300,15, 154.17391061782837
300,10, 155.26563358306885
300,12, 156.35879135131836
300,8, 157.45720505714417
300,5, 158.55159616470337
300,11, 159.6451551914215
300,6, 160.73514485359192
300,11, 161.83038997650146
300,10, 162.92222332954407
300,12, 164.01949834823608
300,12, 165.11477327346802
300,10, 166.20575642585754
300,12, 167.29892802238464
300,3, 168.39502716064453
301,9, 169.49213862419128
300,10, 170.58812808990479
300,14, 171.68031001091003
300,13, 172.77413606643677
300,6, 173.86767482757568
300,10, 174.9617416858673
300,11, 176.0497851371765
300,12, 177.14383006095886
301,10, 178.24308133125305
300,9, 179.3395538330078
300,13, 180.43502855300903
300,14, 181.53004479408264
300,9, 182.62380814552307
300,8, 183.71725487709045
300,12, 184.81170177459717
300,10, 185.90236973762512
301,11, 186.99535012245178
301,12, 188.0890862941742
300,12, 189.18182349205017
300,15, 190.27430772781372
300,7, 191.36606001853943
300,15, 192.45952558517456
300,11, 193.55063009262085
300,8, 194.6466565132141
300,9, 195.7461278438568
301,9, 196.8395276069641
301,14, 197.9340958595276
300,15, 199.02748107910156
300,10, 200.12199091911316
300,12, 201.21985793113708
300,7, 202.31695866584778
300,7, 203.4138617515564
300,5, 204.50763058662415
300,14, 205.59914088249207
300,12, 206.6920952796936
301,17, 207.7840268611908
300,15, 208.87505054473877
300,12, 209.9732506275177
300,4, 211.0686013698578
300,10, 212.15999054908752
300,5, 213.25370931625366
300,12, 214.34726667404175
300,15, 215.44390988349915
300,12, 216.53681182861328
301,21, 217.6324326992035
300,10, 218.7217571735382
300,11, 219.8199179172516
300,6, 220.91311597824097
300,13, 222.01176190376282
300,8, 223.10236811637878
300,8, 224.19657278060913
300,12, 225.28722047805786
300,14, 226.38401985168457
301,11, 227.4766342639923
300,8, 228.57278394699097
300,13, 229.66944241523743
300,10, 230.76399183273315
300,14, 231.84949445724487
300,10, 232.94870781898499
300,16, 234.04455161094666
300,10, 235.13798189163208
301,13, 236.2319040298462
301,6, 237.32128739356995
300,11, 238.41708397865295
300,9, 239.50931906700134
300,8, 240.6046326160431
300,6, 241.700425863266
300,11, 242.79566717147827
300,9, 243.89025568962097
301,20, 244.98660802841187
301,10, 246.07849073410034
300,7, 247.1742103099823
300,5, 248.2661509513855
300,11, 249.35948419570923
300,12, 250.45264267921448
300,6, 251.54506826400757
300,11, 252.63764667510986
301,10, 253.729012966156
301,7, 254.81611824035645
300,9, 255.91066765785217
300,6, 257.00072026252747
300,8, 258.096599817276
300,12, 259.1970591545105
300,20, 260.2856180667877
300,15, 261.38250041007996
300,13, 262.48067474365234
301,15, 263.5714330673218
300,10, 264.6595561504364
300,10, 265.75377130508423
300,11, 266.84248089790344
300,9, 267.9396016597748
300,7, 269.0332851409912
300,8, 270.1315450668335
300,13, 271.22609090805054
301,13, 272.32136964797974
300,4, 273.40684700012207
300,6, 274.49326252937317
300,14, 275.5879192352295
300,8, 276.6850936412811
300,21, 277.7790629863739
300,11, 278.87560534477234
300,10, 279.9717764854431
301,10, 281.0670838356018
301,7, 282.1637418270111
300,15, 283.25621795654297
300,10, 284.3563697338104
300,8, 285.4407560825348
300,10, 286.53459119796753
300,9, 287.62921142578125
300,14, 288.72137808799744
301,7, 289.812552690506
301,14, 290.90880966186523
300,8, 291.9983892440796
300,16, 293.09141302108765
300,10, 294.18474102020264
300,9, 295.27540349960327
300,12, 296.3678741455078
300,11, 297.46045422554016
300,9, 298.5527844429016
300,14, 299.6448714733124
300,7, 300.73618721961975
300,10, 301.82628321647644
300,11, 302.92077445983887
300,19, 304.0147099494934
300,12, 305.1078383922577
300,12, 306.2019827365875
300,6, 307.30004358291626
300,8, 308.39299392700195
301,11, 309.4874382019043
300,9, 310.57589077949524
300,13, 311.6715567111969
300,7, 312.7581419944763
300,9, 313.8422257900238
300,13, 314.9391596317291
300,4, 316.03365206718445
300,5, 317.1290991306305
301,12, 318.2262382507324
300,11, 319.3223788738251
300,20, 320.4210915565491
300,7, 321.51776242256165
300,11, 322.61651587486267
300,13, 323.71131706237793
300,5, 324.8046381473541
300,10, 325.8973937034607
301,9, 326.99516320228577
301,10, 328.08821535110474
300,13, 329.18309712409973
300,11, 330.27677488327026
300,13, 331.37139081954956
300,13, 332.46585035324097
300,14, 333.558137178421
300,10, 334.6490523815155
301,8, 335.74575090408325
301,9, 336.8398163318634
300,9, 337.9317572116852
300,9, 339.02642917633057
300,11, 340.1220588684082
300,14, 341.2148733139038
300,8, 342.3105249404907
300,12, 343.3978650569916
300,16, 344.4834702014923
300,12, 345.58011293411255
301,19, 346.67110776901245
300,14, 347.766535282135
300,7, 348.8642337322235
300,7, 349.96031522750854
300,7, 351.04892563819885
300,12, 352.1446418762207
300,14, 353.23841762542725
300,12, 354.3344178199768
301,7, 355.42462968826294
300,8, 356.51630544662476
300,13, 357.60863733291626
300,5, 358.70134806632996
300,11, 359.7991704940796
300,7, 360.8949625492096
300,10, 361.98777055740356
300,15, 363.0817723274231
301,13, 364.17375016212463
301,10, 365.26830792427063
300,11, 366.3601050376892
300,10, 367.4557418823242
300,7, 368.5504050254822
300,6, 369.6443221569061
300,10, 370.7374930381775
300,14, 371.8307240009308
301,11, 372.9228410720825
301,9, 374.01958656311035
300,8, 375.11265754699707
300,14, 376.2029469013214
300,12, 377.29218888282776
300,7, 378.38801097869873
300,7, 379.48022174835205
300,5, 380.5728349685669
300,18, 381.66985154151917
301,12, 382.7636330127716
300,12, 383.8576169013977
300,6, 384.9519696235657
300,11, 386.0449504852295
300,8, 387.1404800415039
300,6, 388.2391138076782
300,14, 389.3329064846039
300,13, 390.4278984069824
301,15, 391.5177230834961
301,16, 392.6093325614929
300,11, 393.70022678375244
300,11, 394.7933180332184
300,7, 395.8850893974304
300,10, 396.97399401664734
300,14, 398.06032633781433
300,10, 399.15773701667786
300,12, 400.2569103240967
301,11, 401.34991693496704
300,6, 402.4486789703369
300,12, 403.5457890033722
300,13, 404.64222502708435
300,9, 405.7344825267792
300,11, 406.82510018348694
300,13, 407.91775393486023
300,12, 409.0053594112396
301,17, 410.0914680957794
300,10, 411.18719148635864
300,10, 412.27411913871765
300,8, 413.36710953712463
300,8, 414.45858573913574
300,6, 415.5505676269531
300,19, 416.6444363594055
300,14, 417.73175144195557
301,7, 418.82412672042847
301,11, 419.91524839401245
300,13, 421.0085084438324
300,6, 422.09605526924133
300,10, 423.1913592815399
300,8, 424.28427743911743
300,19, 425.3796179294586
300,12, 426.47111916542053
300,13, 427.5645589828491
300,10, 428.6568033695221
300,9, 429.7480387687683
300,10, 430.8379008769989
300,10, 431.93051314353943
300,11, 433.0233426094055
300,18, 434.1162359714508
300,13, 435.20913457870483
300,12, 436.3034327030182
300,9, 437.3984098434448
301,8, 438.490416765213
300,9, 439.58377838134766
300,9, 440.67799401283264
300,16, 441.7756516933441
300,20, 442.8697919845581
300,12, 443.96178817749023
300,12, 445.05210161209106
300,9, 446.1447341442108
301,13, 447.237708568573
300,17, 448.3334367275238
300,2, 449.4255907535553
300,8, 450.5171844959259
300,10, 451.6109890937805
300,12, 452.7034361362457
300,13, 453.7937698364258
300,9, 454.88474678993225
301,13, 455.97766065597534
301,10, 457.0690338611603
300,3, 458.16113471984863
300,10, 459.25382566452026
300,15, 460.34695291519165
300,14, 461.44346857070923
300,9, 462.53859066963196
300,11, 463.6296181678772
300,10, 464.7189588546753
301,7, 465.8142788410187
301,8, 466.908358335495
300,11, 468.00420022010803
300,10, 469.09501481056213
300,11, 470.1904022693634
300,15, 471.2831690311432
300,11, 472.3744285106659
300,7, 473.46733260154724
300,14, 474.56460785865784
301,8, 475.65469002723694
300,16, 476.7486619949341
300,10, 477.8415336608887
300,11, 478.9343452453613
300,16, 480.0275092124939
300,12, 481.1190047264099
300,8, 482.21074056625366
300,8, 483.30525517463684
300,4, 484.4011266231537
301,11, 485.49333477020264
300,8, 486.5860242843628
300,9, 487.6787779331207
300,13, 488.7706446647644
300,8, 489.86774706840515
300,7, 490.9624147415161
300,6, 492.05416202545166
300,8, 493.1470923423767
300,12, 494.24233651161194
301,8, 495.33588218688965
300,14, 496.42609429359436
300,8, 497.5231297016144
300,12, 498.61774802207947
300,12, 499.71246337890625
300,22, 500.80496525764465
300,8, 501.89636182785034
300,13, 502.99311113357544
300,9, 504.08515334129333
301,12, 505.1807017326355
300,15, 506.2756950855255
300,14, 507.3671498298645
300,12, 508.4594395160675
300,17, 509.5529384613037
300,8, 510.64642786979675
300,12, 511.74028873443604
300,15, 512.8315031528473
301,12, 513.9225068092346
300,12, 515.0178232192993
300,20, 516.109867811203
300,8, 517.1997981071472
300,10, 518.2932975292206
300,6, 519.3877327442169
300,7, 520.478132724762
300,10, 521.5769159793854
300,11, 522.6651496887207
301,13, 523.7637419700623
300,13, 524.862359046936
300,14, 525.9593501091003
300,11, 527.0556502342224
300,16, 528.1524229049683
300,8, 529.252947807312
300,7, 530.3517260551453
300,14, 531.4524791240692
300,9, 532.5518984794617
301,7, 533.6476821899414
300,12, 534.7411215305328
300,8, 535.8344984054565
300,12, 536.926707983017
300,11, 538.0230031013489
300,10, 539.1154365539551
300,13, 540.2087664604187
300,12, 541.3051333427429
300,13, 542.4026992321014
301,11, 543.4981596469879
300,7, 544.598484992981
300,12, 545.695526599884
300,6, 546.792240858078
300,10, 547.8898313045502
300,14, 548.9852547645569
300,9, 550.0708115100861
300,17, 551.1659371852875
301,14, 552.2631094455719
300,11, 553.356920003891
300,14, 554.4555642604828
300,10, 555.5498986244202
300,6, 556.6446492671967
300,12, 557.732373714447
300,10, 558.8293726444244
300,15, 559.9255084991455
301,12, 561.0199580192566
300,8, 562.1166815757751
300,12, 563.214349269867
300,7, 564.3105621337891
300,9, 565.4019498825073
300,12, 566.4990587234497
300,16, 567.5912711620331
300,13, 568.6878654956818
300,12, 569.774176120758
301,7, 570.8720481395721
300,11, 571.9692420959473
300,8, 573.0679979324341
300,9, 574.1659243106842
300,11, 575.2649977207184
300,11, 576.3629484176636
300,11, 577.4623928070068
300,5, 578.5557157993317
300,14, 579.6502621173859
300,8, 580.7433264255524
300,13, 581.8387048244476
300,10, 582.9246561527252
300,13, 584.0227270126343
300,18, 585.1164252758026
300,9, 586.2106783390045
300,9, 587.3072483539581
300,8, 588.405083656311
301,11, 589.5027387142181
300,5, 590.6005382537842
300,11, 591.6977217197418
300,11, 592.7949304580688
300,17, 593.8886096477509
300,8, 594.9735779762268
300,12, 596.0722646713257
300,8, 597.168300151825
301,4, 598.2617423534393
301,14, 599.3591194152832
300,15, 600.4435703754425
300,7, 601.5395042896271
300,7, 602.634922504425
300,11, 603.732016324997
300,5, 604.8314871788025
300,11, 605.9182674884796
300,9, 607.0132949352264
301,5, 608.1089422702789
300,12, 609.2057695388794
300,9, 610.2918288707733
300,14, 611.3862583637238
300,11, 612.4779734611511
300,15, 613.5748693943024
300,13, 614.6702237129211
300,13, 615.7663197517395
300,9, 616.8613381385803
301,8, 617.9553616046906
300,12, 619.0401954650879
300,8, 620.1368148326874
300,8, 621.2285461425781
300,12, 622.3251750469208
300,16, 623.4108862876892
300,15, 624.503977060318
300,11, 625.6030766963959
300,12, 626.6963102817535
301,6, 627.7944366931915
300,11, 628.891117811203
300,12, 629.9878423213959
300,7, 631.0875170230865
300,10, 632.1777787208557
300,13, 633.2731981277466
300,19, 634.369558095932
300,13, 635.464761018753
300,8, 636.5580816268921
301,6, 637.6436450481415
300,9, 638.7343378067017
300,16, 639.8312947750092
300,15, 640.9296193122864
300,16, 642.0260524749756
300,8, 643.1225204467773
300,14, 644.2216560840607
300,10, 645.3099110126495
301,12, 646.4076235294342
301,9, 647.5035231113434
300,13, 648.6003856658936
300,14, 649.6977865695953
300,13, 650.793913602829
300,14, 651.8880212306976
300,9, 652.9860398769379
300,17, 654.0831880569458
301,5, 655.1770474910736
301,8, 656.2720594406128
300,11, 657.3678526878357
300,10, 658.4644267559052
300,13, 659.5631301403046
300,13, 660.6593985557556
300,10, 661.7578473091125
300,6, 662.8562314510345
300,11, 663.9432196617126
301,8, 665.0413446426392
300,7, 666.1375632286072
300,10, 667.2317471504211
300,17, 668.3264772891998
300,13, 669.4152655601501
300,10, 670.5077047348022
300,10, 671.6038603782654
309,12, 672.6999835968018
300,17, 673.796746969223
301,13, 674.8934946060181
300,20, 675.9880895614624
300,13, 677.086385011673
300,17, 678.1847770214081
300,12, 679.2776465415955
300,11, 680.3747842311859
300,8, 681.4698524475098
300,10, 682.5657968521118
300,16, 683.6596877574921
301,13, 684.7560262680054
300,19, 685.8427152633667
300,15, 686.940831899643
300,4, 688.0369095802307
300,6, 689.1304214000702
300,9, 690.2279834747314
300,8, 691.3128020763397
300,19, 692.4123823642731
301,11, 693.5092911720276
301,8, 694.6062641143799
300,11, 695.7028045654297
300,16, 696.8027007579803
300,11, 697.9014053344727
300,14, 698.9914801120758
300,10, 700.0878417491913
300,11, 701.1788697242737
300,17, 702.2770402431488
301,16, 703.3744835853577
300,13, 704.4698805809021
300,11, 705.5605702400208
300,12, 706.6577343940735
300,10, 707.757405757904
300,12, 708.8565089702606
300,6, 709.9540462493896
300,15, 711.0496854782104
300,14, 712.1457331180573
301,18, 713.2421545982361
300,13, 714.3386797904968
300,7, 715.4370636940002
300,7, 716.5251088142395
300,11, 717.6198031902313
300,15, 718.7150449752808
300,16, 719.8130235671997
300,11, 720.9073731899261
301,13, 722.0032517910004
300,9, 723.1007373332977
300,7, 724.1953084468842
300,8, 725.2920231819153
300,8, 726.3875124454498
300,14, 727.4853143692017
300,5, 728.5685033798218
300,15, 729.6597259044647
301,8, 730.7537007331848
300,18, 731.8512001037598
300,12, 732.9506027698517
300,14, 734.047833442688
300,7, 735.1442048549652
300,8, 736.2433757781982
300,15, 737.3420164585114
300,9, 738.4390940666199
300,8, 739.5346128940582
300,13, 740.6293354034424
300,8, 741.7284369468689
300,10, 742.8241651058197
300,14, 743.9202396869659
300,12, 745.0133843421936
300,13, 746.1094827651978
300,11, 747.2068667411804
300,6, 748.3073382377625
300,8, 749.4037640094757
301,12, 750.4983019828796
301,12, 751.5940551757812
300,5, 752.6837842464447
300,10, 753.7824423313141
300,11, 754.8788752555847
300,17, 755.9743256568909
300,13, 757.0694241523743
300,8, 758.1619892120361
300,11, 759.2572762966156
301,7, 760.3410732746124
300,6, 761.4399034976959
300,6, 762.5330364704132
300,12, 763.619861125946
300,12, 764.7142932415009
300,13, 765.8122234344482
300,13, 766.9092662334442
300,11, 768.0051400661469
301,10, 769.1027891635895
301,12, 770.1969532966614
300,5, 771.290060043335
300,9, 772.3885288238525
300,10, 773.4722366333008
300,14, 774.5692708492279
300,15, 775.6653168201447
300,12, 776.7602531909943
300,6, 777.8454337120056
301,10, 778.9404211044312
300,11, 780.0338253974915
300,9, 781.1304531097412
300,10, 782.2229273319244
300,8, 783.3159022331238
300,11, 784.4145495891571
300,9, 785.5116038322449
300,10, 786.6064555644989
300,7, 787.6913895606995
301,7, 788.7892215251923
300,8, 789.8854336738586
300,9, 790.9829096794128
300,13, 792.0809724330902
300,13, 793.1748106479645
300,9, 794.2746729850769
300,5, 795.3682179450989
300,7, 796.4683816432953
300,6, 797.560652256012
301,11, 798.6520364284515
300,9, 799.7458446025848
300,17, 800.8432955741882
300,10, 801.9289991855621
300,11, 803.0273423194885
300,12, 804.1263432502747
300,10, 805.2214736938477
300,4, 806.3178703784943
301,10, 807.4106712341309
301,13, 808.5025181770325
300,11, 809.600578546524
300,8, 810.6959319114685
300,13, 811.7928817272186
300,16, 812.8850672245026
300,8, 813.9791524410248
300,9, 815.0755550861359
300,11, 816.1718504428864
301,10, 817.26562333107
300,17, 818.364129781723
300,12, 819.455803155899
300,9, 820.5484938621521
300,12, 821.6439235210419
300,11, 822.7424037456512
300,10, 823.8403613567352
300,14, 824.9261322021484
301,16, 826.022882938385
300,8, 827.1161513328552
300,17, 828.2119541168213
300,10, 829.3066279888153
300,9, 830.4005062580109
300,9, 831.4950876235962
300,15, 832.5877602100372
300,5, 833.68115067482
300,10, 834.7738084793091
301,15, 835.8717520236969
300,10, 836.9657516479492
300,10, 838.0583410263062
300,15, 839.1440494060516
300,13, 840.2409784793854
300,13, 841.3374876976013
300,11, 842.4306786060333
300,12, 843.5255024433136
300,7, 844.6098577976227
300,13, 845.7058005332947
300,14, 846.7922377586365
300,9, 847.8761286735535
300,8, 848.9723033905029
300,8, 850.0662021636963
300,11, 851.1594791412354
300,14, 852.2547850608826
300,9, 853.3498907089233
301,12, 854.4454317092896
300,18, 855.5393698215485
300,9, 856.6302101612091
300,4, 857.7261784076691
300,7, 858.8251595497131
300,10, 859.9222705364227
300,12, 861.0184831619263
300,8, 862.1150834560394
301,15, 863.2094104290009
300,8, 864.3060863018036
300,17, 865.4019637107849
300,11, 866.4974365234375
300,8, 867.5960767269135
300,9, 868.6932232379913
300,11, 869.7904469966888
300,16, 870.8890326023102
300,11, 871.9851524829865
301,12, 873.0812969207764
300,10, 874.1754996776581
300,11, 875.2748255729675
300,9, 876.3722348213196
300,12, 877.4677319526672
300,11, 878.5529828071594
300,9, 879.6507596969604
300,12, 880.7509770393372
301,6, 881.8460509777069
301,13, 882.9481356143951
300,11, 884.0440528392792
300,6, 885.1393599510193
300,10, 886.2342808246613
300,9, 887.3331212997437
300,12, 888.4330658912659
300,10, 889.5313835144043
300,12, 890.6302680969238
301,14, 891.7253563404083
300,11, 892.8194601535797
300,10, 893.9157419204712
300,11, 895.0117750167847
300,11, 896.1105425357819
300,11, 897.2059557437897
300,9, 898.3036980628967
300,13, 899.4031932353973
300,15, 900.4973783493042
300,9, 901.5845375061035
301,12, 902.6803195476532
300,8, 903.778272151947
300,10, 904.8743860721588
300,9, 905.9697573184967
300,12, 907.0633597373962
300,14, 908.1603462696075
300,12, 909.2571721076965
300,7, 910.3542132377625
301,11, 911.4402413368225
301,8, 912.5368943214417
300,9, 913.6343619823456
300,6, 914.7334091663361
300,15, 915.8283240795135
300,11, 916.9255139827728
300,13, 918.0159313678741
300,5, 919.1137466430664
300,8, 920.2105453014374
301,10, 921.3047826290131
300,8, 922.401496887207
300,14, 923.4939241409302
300,8, 924.58953166008
300,10, 925.6830735206604
300,12, 926.7825937271118
300,11, 927.8692603111267
300,12, 928.9665522575378
300,13, 930.0636312961578
301,5, 931.1515305042267
300,13, 932.2484178543091
300,9, 933.3424761295319
300,12, 934.4420473575592
300,10, 935.5395617485046
300,15, 936.6347291469574
300,12, 937.7268431186676
300,9, 938.8236153125763
300,7, 939.9163393974304
301,7, 941.0169246196747
300,13, 942.1126906871796
300,15, 943.2055926322937
300,14, 944.3022763729095
300,10, 945.3973412513733
300,7, 946.4946441650391
300,18, 947.5911111831665
300,10, 948.6854908466339
301,12, 949.7819015979767
300,4, 950.8744041919708
300,15, 951.9699835777283
300,13, 953.0684337615967
300,9, 954.1639511585236
300,12, 955.2605409622192
300,15, 956.3597822189331
300,10, 957.4575374126434
300,8, 958.5562436580658
300,7, 959.6521129608154
300,16, 960.749838590622
300,14, 961.8487403392792
300,15, 962.9462859630585
300,11, 964.0439772605896
300,9, 965.1419489383698
300,8, 966.235466003418
300,12, 967.3337259292603
300,7, 968.4274735450745
301,8, 969.5222134590149
301,11, 970.6190359592438
300,19, 971.7160696983337
300,7, 972.8027176856995
300,16, 973.8989903926849
300,10, 974.9929196834564
300,8, 976.0884838104248
300,14, 977.1838011741638
300,11, 978.281867980957
301,10, 979.3742418289185
300,10, 980.468966960907
300,12, 981.5633764266968
300,16, 982.6585423946381
300,10, 983.7517447471619
300,11, 984.8500022888184
300,6, 985.9354727268219
300,8, 987.0339932441711
300,14, 988.1295297145844
301,15, 989.228346824646
300,14, 990.327862739563
300,17, 991.4141051769257
300,12, 992.5086386203766
300,13, 993.6072599887848
300,7, 994.706433057785
300,11, 995.8033559322357
300,12, 996.9023413658142
301,16, 997.9996461868286
300,14, 999.0952880382538
300,13, 1000.1914401054382
300,14, 1001.287023305893
300,5, 1002.3848903179169
300,7, 1003.4829499721527
300,8, 1004.5810821056366
300,16, 1005.6787688732147
300,16, 1006.7744512557983
301,11, 1007.8722491264343
300,11, 1008.967166185379
300,10, 1010.0631651878357
300,10, 1011.1615154743195
300,14, 1012.2563824653625
300,11, 1013.3531291484833
300,10, 1014.4508411884308
300,10, 1015.5392107963562
300,14, 1016.6343553066254
300,11, 1017.7315678596497
300,17, 1018.8240365982056
300,9, 1019.9201490879059
300,6, 1021.0174806118011
300,11, 1022.1142642498016
300,6, 1023.2079484462738
300,13, 1024.3028571605682
300,14, 1025.4000487327576
300,11, 1026.4845883846283
301,15, 1027.5700080394745
300,12, 1028.6646790504456
300,8, 1029.7563495635986
300,11, 1030.8521001338959
300,10, 1031.9499418735504
300,6, 1033.0338625907898
300,17, 1034.1315445899963
300,18, 1035.2267920970917
301,11, 1036.3195884227753
300,12, 1037.4178214073181
300,7, 1038.5141923427582
300,8, 1039.6127848625183
300,10, 1040.7092888355255
300,11, 1041.806955575943
300,7, 1042.903517961502
300,16, 1044.0006380081177
301,12, 1045.091560125351
300,7, 1046.1881494522095
300,7, 1047.286693096161
300,7, 1048.3833589553833
300,7, 1049.479906797409
300,13, 1050.5657141208649
300,19, 1051.6602504253387
300,14, 1052.7589390277863
301,20, 1053.8589124679565
300,15, 1054.9548318386078
300,11, 1056.0555560588837
300,12, 1057.1515786647797
300,9, 1058.248949289322
300,16, 1059.3436620235443
300,8, 1060.4294822216034
300,5, 1061.5255336761475
300,15, 1062.6183660030365
301,13, 1063.713996887207
300,10, 1064.7990562915802
300,7, 1065.894291639328
300,6, 1066.9918928146362
300,16, 1068.0881786346436
300,8, 1069.1835930347443
300,11, 1070.2775659561157
300,8, 1071.3732359409332
300,12, 1072.4692389965057
301,14, 1073.556240081787
300,7, 1074.65163564682
300,9, 1075.7487914562225
300,13, 1076.8471760749817
300,13, 1077.9427771568298
300,9, 1079.0435893535614
300,14, 1080.1412267684937
300,10, 1081.2356724739075
301,8, 1082.3342034816742
301,4, 1083.4320814609528
300,9, 1084.5276412963867
300,6, 1085.6219127178192
300,16, 1086.7189090251923
300,13, 1087.8198564052582
300,12, 1088.9166235923767
300,13, 1090.0111434459686
300,13, 1091.1084580421448
301,11, 1092.2027258872986
300,14, 1093.3018131256104
300,15, 1094.4013032913208
300,18, 1095.499683380127
300,13, 1096.59756731987
300,17, 1097.6929819583893
300,14, 1098.7870886325836
300,5, 1099.8829507827759
301,10, 1100.977928161621
300,7, 1102.074366569519
300,12, 1103.170222043991
300,13, 1104.269730091095
300,7, 1105.367778301239
300,15, 1106.464144229889
300,9, 1107.5638146400452
300,10, 1108.659770488739
300,8, 1109.7564754486084
301,10, 1110.8542532920837
300,9, 1111.9521901607513
300,6, 1113.0430808067322
300,15, 1114.1384935379028
300,14, 1115.2358844280243
300,13, 1116.336681842804
300,14, 1117.4319489002228
300,6, 1118.5318315029144
300,17, 1119.6324734687805
300,16, 1120.7309322357178
300,12, 1121.8272099494934
300,20, 1122.926751613617
300,8, 1124.019903421402
300,14, 1125.1162688732147
300,9, 1126.2122340202332
300,6, 1127.3075549602509
300,11, 1128.4034187793732
301,10, 1129.4946870803833
300,10, 1130.5913245677948
300,10, 1131.6883590221405
300,17, 1132.784514427185
300,14, 1133.881131887436
300,9, 1134.9748103618622
300,10, 1136.0695736408234
300,10, 1137.1657156944275
300,11, 1138.2632319927216
301,12, 1139.359245300293
300,7, 1140.457375049591
300,13, 1141.5559957027435
300,12, 1142.6479313373566
300,9, 1143.747576713562
300,10, 1144.8449985980988
300,9, 1145.9421918392181
300,14, 1147.0369277000427
301,14, 1148.1285364627838
300,12, 1149.2286853790283
300,13, 1150.324070930481
300,9, 1151.4235212802887
300,15, 1152.5238258838654
300,6, 1153.6222355365753
300,7, 1154.7154302597046
300,6, 1155.8117742538452
301,12, 1156.9059438705444
300,8, 1158.0042145252228
300,9, 1159.1010038852692
300,18, 1160.195639371872
300,17, 1161.2907145023346
300,5, 1162.389352798462
300,11, 1163.4858629703522
300,8, 1164.5802211761475
300,13, 1165.6752684116364
300,10, 1166.7707948684692
300,10, 1167.8691353797913
300,8, 1168.9647421836853
300,11, 1170.0617506504059
300,7, 1171.157105922699
300,7, 1172.256963968277
300,8, 1173.3559966087341
300,12, 1174.452479839325
300,10, 1175.5479867458344
301,13, 1176.646226644516
300,5, 1177.7388248443604
300,13, 1178.8375816345215
300,11, 1179.927715063095
300,9, 1181.022169828415
300,13, 1182.1215481758118
300,10, 1183.2168517112732
300,10, 1184.3096377849579
301,4, 1185.402044057846
301,15, 1186.501701116562
300,13, 1187.5976731777191
300,6, 1188.6907272338867
300,6, 1189.7878155708313
