countA, countB, T
300,43, 1.1013484001159668
300,43, 2.1919877529144287
301,33, 3.2869741916656494
301,54, 4.3789074420928955
300,45, 5.468417406082153
300,31, 6.560885667800903
300,36, 7.648195266723633
300,50, 8.742143154144287
300,51, 9.839468717575073
300,36, 10.932842493057251
300,39, 12.02681279182434
301,44, 13.120864629745483
300,47, 14.20970606803894
300,41, 15.309223413467407
300,40, 16.401885509490967
300,37, 17.49350643157959
300,34, 18.590690851211548
300,35, 19.681886672973633
300,44, 20.774880170822144
301,48, 21.86559557914734
300,45, 22.957441568374634
300,47, 24.049509048461914
300,45, 25.139710187911987
300,45, 26.22667670249939
300,41, 27.319183349609375
300,35, 28.41098427772522
300,45, 29.5082266330719
300,41, 30.600810050964355
300,40, 31.700461864471436
300,47, 32.788936138153076
300,40, 33.88998508453369
300,45, 34.986302852630615
300,40, 36.07880139350891
300,45, 37.169883251190186
300,40, 38.25744891166687
300,39, 39.349257707595825
300,38, 40.44106888771057
301,40, 41.53330898284912
301,37, 42.624807357788086
300,45, 43.717467308044434
300,48, 44.80947709083557
300,44, 45.90057921409607
300,36, 46.99026155471802
300,55, 48.081743001937866
300,34, 49.176127433776855
300,39, 50.26777672767639
301,35, 51.361846685409546
300,34, 52.4530611038208
300,38, 53.54493498802185
300,35, 54.636451721191406
300,42, 55.72926878929138
300,41, 56.82257032394409
300,44, 57.91205835342407
300,58, 59.00450134277344
301,52, 60.09708833694458
301,39, 61.19093203544617
300,39, 62.28258919715881
300,36, 63.37591242790222
300,42, 64.47063088417053
300,43, 65.56657600402832
300,44, 66.6586184501648
300,41, 67.74860501289368
300,44, 68.84282851219177
301,42, 69.94051027297974
301,46, 71.0350558757782
300,42, 72.12594890594482
300,43, 73.2206358909607
300,40, 74.3134388923645
300,43, 75.40624976158142
300,36, 76.50029754638672
300,35, 77.5970106124878
300,45, 78.68948578834534
301,38, 79.78122568130493
300,35, 80.87339186668396
300,34, 81.9687271118164
300,46, 83.06115627288818
300,51, 84.15845823287964
300,44, 85.25112175941467
300,42, 86.34434366226196
300,47, 87.43710613250732
300,45, 88.5325345993042
300,43, 89.62536382675171
301,41, 90.71766495704651
300,39, 91.8126175403595
300,45, 92.90347075462341
300,44, 93.9971330165863
300,42, 95.08906841278076
300,39, 96.18285703659058
300,38, 97.27428412437439
300,41, 98.36834001541138
301,40, 99.46006155014038
301,36, 100.55165529251099
300,38, 101.64424633979797
300,47, 102.73952388763428
300,39, 103.8321168422699
300,45, 104.92569637298584
300,38, 106.02191066741943
300,39, 107.11398577690125
300,38, 108.20871329307556
301,40, 109.30297565460205
300,41, 110.39892864227295
300,41, 111.49005699157715
300,40, 112.58322501182556
300,42, 113.67676091194153
300,40, 114.77028250694275
300,49, 115.86384916305542
300,48, 116.95872592926025
301,41, 118.05417990684509
301,38, 119.14537191390991
300,39, 120.23837089538574
300,45, 121.3321762084961
300,46, 122.42492389678955
300,38, 123.51718854904175
300,43, 124.60989713668823
300,33, 125.70104241371155
300,44, 126.79462337493896
301,50, 127.8876268863678
300,40, 128.98268508911133
300,36, 130.07359266281128
300,43, 131.16774010658264
300,43, 132.26659417152405
300,43, 133.3583128452301
300,43, 134.45364618301392
300,48, 135.5465338230133
300,35, 136.6396243572235
301,50, 137.73622345924377
300,43, 138.8301227092743
300,40, 139.92168951034546
300,56, 141.014262676239
300,53, 142.1069438457489
300,45, 143.19936990737915
300,51, 144.29376196861267
300,36, 145.3900179862976
300,43, 146.48416423797607
301,53, 147.58183479309082
300,40, 148.6745593547821
300,38, 149.7657914161682
300,37, 150.85947823524475
300,40, 151.95280051231384
300,45, 153.0464358329773
300,54, 154.14134979248047
300,45, 155.23310828208923
301,39, 156.32483291625977
300,49, 157.41812014579773
300,40, 158.51188373565674
300,46, 159.60792326927185
300,49, 160.69994688034058
300,36, 161.80035138130188
300,37, 162.89253115653992
300,39, 163.98638653755188
300,43, 165.0769031047821
301,43, 166.17067050933838
300,43, 167.26645755767822
300,44, 168.3602683544159
300,42, 169.45492911338806
300,32, 170.54847288131714
300,51, 171.64197063446045
300,44, 172.73370909690857
300,44, 173.82636165618896
300,41, 174.92168855667114
301,45, 176.01517009735107
300,43, 177.10669255256653
300,42, 178.20046496391296
300,41, 179.29281449317932
300,45, 180.3854296207428
300,39, 181.47920179367065
300,38, 182.57512211799622
300,42, 183.67031335830688
301,45, 184.763041973114
301,38, 185.85459756851196
300,47, 186.9492130279541
300,38, 188.03637075424194
300,46, 189.12989377975464
300,44, 190.2236602306366
300,38, 191.31689310073853
300,42, 192.41105222702026
300,46, 193.50468516349792
300,41, 194.5970060825348
301,40, 195.6910629272461
300,50, 196.7849223613739
300,45, 197.87877869606018
300,52, 198.9706530570984
300,56, 200.06322717666626
300,40, 201.15463781356812
300,42, 202.24531650543213
300,44, 203.3381073474884
300,49, 204.43204355239868
301,33, 205.52764868736267
300,42, 206.62009692192078
300,43, 207.71155452728271
300,43, 208.80515885353088
300,50, 209.90215182304382
300,48, 210.9959011077881
300,39, 212.08975505828857
300,57, 213.1846444606781
300,47, 214.2793357372284
301,42, 215.37308311462402
300,45, 216.4656116962433
300,52, 217.55804252624512
300,42, 218.65209770202637
300,43, 219.74431896209717
300,47, 220.83897614479065
300,45, 221.93232703208923
300,50, 223.02814388275146
301,41, 224.12162160873413
300,57, 225.21876120567322
300,38, 226.31409692764282
300,40, 227.4060938358307
300,51, 228.49696373939514
300,47, 229.59182715415955
300,39, 230.68615698814392
300,48, 231.7800509929657
301,41, 232.87420916557312
300,37, 233.96597242355347
300,33, 235.05848217010498
300,41, 236.14936685562134
300,31, 237.2428538799286
300,44, 238.3363118171692
300,38, 239.42871403694153
300,44, 240.5212893486023
300,42, 241.61407041549683
301,49, 242.7055435180664
300,42, 243.79831337928772
300,36, 244.88846015930176
300,48, 245.9842300415039
300,45, 247.07843208312988
300,41, 248.17154717445374
300,45, 249.26659178733826
300,34, 250.36064267158508
300,34, 251.45257759094238
301,37, 252.54555201530457
300,44, 253.6405577659607
300,47, 254.73414254188538
300,31, 255.82700490951538
300,46, 256.9206142425537
300,37, 258.0135362148285
300,40, 259.1104807853699
300,41, 260.2043123245239
301,35, 261.29600977897644
300,52, 262.38994908332825
300,37, 263.4856848716736
300,44, 264.5796730518341
300,44, 265.6731011867523
300,39, 266.76702761650085
300,47, 267.8614490032196
300,38, 268.9556908607483
300,43, 270.048378944397
301,34, 271.1418867111206
300,39, 272.2344717979431
300,39, 273.3270285129547
300,32, 274.4184274673462
300,48, 275.51108050346375
300,57, 276.60509848594666
300,51, 277.69694209098816
300,42, 278.79499864578247
300,51, 279.89007568359375
301,50, 280.98084902763367
300,37, 282.07596135139465
300,40, 283.17251539230347
300,40, 284.264940738678
300,35, 285.3568630218506
300,51, 286.4506196975708
300,47, 287.5466613769531
300,46, 288.6403982639313
300,44, 289.733047246933
300,31, 290.8310673236847
300,52, 291.9233491420746
300,44, 293.01768350601196
300,30, 294.11042189598083
300,44, 295.20629024505615
300,37, 296.2982060909271
300,49, 297.39001083374023
300,38, 298.48498916625977
300,46, 299.57956171035767
301,48, 300.6730225086212
300,43, 301.76407122612
300,44, 302.85804438591003
300,50, 303.9504818916321
300,40, 305.04505491256714
300,33, 306.14378571510315
300,40, 307.234126329422
300,38, 308.3266062736511
300,37, 309.41927099227905
301,40, 310.5124578475952
300,40, 311.6049928665161
300,36, 312.69960618019104
300,43, 313.7923755645752
300,39, 314.8862340450287
300,37, 315.98563146591187
300,43, 317.0791263580322
300,41, 318.17102813720703
300,45, 319.2646667957306
301,40, 320.35531091690063
300,44, 321.4478919506073
300,33, 322.54199051856995
300,38, 323.6329245567322
300,45, 324.7319107055664
300,49, 325.82358622550964
300,48, 326.9158282279968
300,36, 328.00725197792053
301,44, 329.10083293914795
300,42, 330.19252920150757
300,35, 331.2868161201477
300,45, 332.379367351532
300,50, 333.47097873687744
300,35, 334.562628030777
300,40, 335.65554094314575
300,49, 336.74769949913025
301,43, 337.84230756759644
300,40, 338.93686270713806
300,33, 340.03089141845703
300,38, 341.1258714199066
300,50, 342.2191870212555
300,38, 343.3120651245117
300,41, 344.4045956134796
300,57, 345.49747800827026
300,48, 346.58998441696167
300,44, 347.68567395210266
300,44, 348.77858090400696
300,47, 349.86924052238464
300,41, 350.9635136127472
300,42, 352.05613899230957
300,45, 353.15078806877136
300,50, 354.2445955276489
300,45, 355.3375062942505
300,49, 356.4343502521515
301,43, 357.5269193649292
301,47, 358.6237187385559
300,43, 359.71625876426697
300,39, 360.81036615371704
300,42, 361.90465092658997
300,51, 363.0000162124634
300,31, 364.0942051410675
300,46, 365.1877064704895
300,39, 366.2815957069397
301,47, 367.37432646751404
300,53, 368.46945118904114
300,43, 369.5610320568085
300,56, 370.65493059158325
300,58, 371.75002121925354
300,39, 372.84196186065674
300,34, 373.9359464645386
300,30, 375.0306191444397
301,49, 376.1224720478058
301,50, 377.2194027900696
300,49, 378.3122320175171
300,29, 379.4067585468292
300,41, 380.4984836578369
300,51, 381.58920669555664
300,37, 382.680855512619
300,43, 383.7741014957428
301,52, 384.8654844760895
301,37, 385.96326518058777
300,60, 387.0557813644409
300,38, 388.147376537323
300,38, 389.24037742614746
300,52, 390.3331959247589
300,48, 391.42498230934143
300,44, 392.52006483078003
300,48, 393.61247730255127
300,44, 394.7074019908905
300,37, 395.8041341304779
300,39, 396.8980858325958
300,42, 397.99080443382263
300,43, 399.0845663547516
300,51, 400.17733359336853
300,42, 401.27059268951416
300,40, 402.3642797470093
300,36, 403.4555413722992
301,43, 404.54976320266724
301,52, 405.6413311958313
300,40, 406.73439836502075
300,39, 407.8294563293457
300,36, 408.9211320877075
300,31, 410.0156440734863
300,45, 411.1073660850525
300,42, 412.1974995136261
300,37, 413.29020285606384
301,37, 414.38181924819946
300,38, 415.47501730918884
300,35, 416.5702452659607
300,31, 417.66196632385254
300,42, 418.75545144081116
300,33, 419.84868836402893
300,44, 420.94234919548035
300,41, 422.03755927085876
300,44, 423.12997245788574
301,40, 424.2219281196594
300,42, 425.31451296806335
300,37, 426.4078893661499
300,43, 427.50558614730835
300,44, 428.5991232395172
300,43, 429.6903381347656
300,42, 430.7812056541443
300,37, 431.87429428100586
301,38, 432.9660532474518
300,39, 434.0593514442444
300,52, 435.1507966518402
300,41, 436.24446964263916
300,37, 437.33760809898376
300,38, 438.4301495552063
300,41, 439.5227122306824
300,52, 440.6158354282379
300,42, 441.71117663383484
301,41, 442.8019540309906
300,41, 443.89977955818176
300,37, 444.9944598674774
300,39, 446.08737206459045
300,47, 447.17740273475647
300,44, 448.27209877967834
300,48, 449.3661308288574
300,54, 450.4573976993561
300,39, 451.55037665367126
301,44, 452.6436233520508
300,43, 453.73450469970703
300,39, 454.82819294929504
300,35, 455.92288875579834
300,52, 457.0157253742218
300,51, 458.10745191574097
300,50, 459.20104813575745
300,47, 460.29283833503723
301,35, 461.3868360519409
300,38, 462.47955536842346
300,43, 463.57322359085083
300,41, 464.66920137405396
300,34, 465.76398825645447
300,41, 466.8575966358185
300,50, 467.94917035102844
300,28, 469.0452649593353
301,41, 470.1394500732422
300,48, 471.231787443161
300,45, 472.3243591785431
300,42, 473.4158675670624
300,37, 474.5096242427826
300,48, 475.60125517845154
300,42, 476.69793581962585
300,46, 477.78991532325745
300,36, 478.8856027126312
301,53, 479.97716331481934
300,46, 481.0697751045227
300,45, 482.1632442474365
300,49, 483.2547481060028
300,42, 484.34805727005005
300,43, 485.4472393989563
300,38, 486.54004287719727
300,47, 487.63130617141724
300,39, 488.7245216369629
300,57, 489.8178129196167
300,35, 490.9142556190491
300,41, 492.00654196739197
300,44, 493.10110545158386
300,42, 494.1978380680084
300,51, 495.2912964820862
300,52, 496.38567662239075
300,33, 497.4797763824463
301,34, 498.5723788738251
300,47, 499.6646406650543
300,52, 500.76107001304626
300,39, 501.8535752296448
300,46, 502.94691371917725
300,36, 504.03909277915955
300,37, 505.13284134864807
300,45, 506.2259883880615
301,42, 507.32145380973816
300,35, 508.41316318511963
300,34, 509.50578451156616
300,45, 510.598286151886
300,50, 511.6918065547943
300,45, 512.786173582077
300,39, 513.8791227340698
300,39, 514.9708018302917
300,41, 516.0643553733826
301,41, 517.1583826541901
300,35, 518.2509608268738
300,37, 519.3433599472046
300,52, 520.4359500408173
300,45, 521.5283012390137
300,52, 522.6259679794312
300,29, 523.7218487262726
301,36, 524.8150854110718
301,38, 525.9073193073273
300,48, 527.0000936985016
300,43, 528.0937829017639
300,51, 529.1852886676788
300,48, 530.2789380550385
300,35, 531.3758890628815
300,42, 532.4665386676788
300,47, 533.559298992157
301,42, 534.651802778244
301,47, 535.7460598945618
300,42, 536.8402292728424
300,50, 537.9377090930939
300,49, 539.0317244529724
300,45, 540.1254646778107
300,39, 541.2190408706665
300,46, 542.3095846176147
300,41, 543.4050743579865
301,39, 544.4956805706024
300,53, 545.5882754325867
300,43, 546.6849136352539
300,45, 547.7763519287109
300,41, 548.8718416690826
300,44, 549.967714548111
300,45, 551.0627682209015
300,38, 552.1555438041687
300,50, 553.2484269142151
301,41, 554.3451478481293
300,35, 555.4359028339386
300,47, 556.5284776687622
300,39, 557.6279032230377
300,30, 558.71675157547
300,52, 559.8136878013611
300,34, 560.9084713459015
300,46, 562.00577044487
301,32, 563.0982158184052
300,44, 564.192465543747
300,45, 565.2848365306854
300,46, 566.3776705265045
300,54, 567.4716689586639
300,37, 568.5635368824005
300,42, 569.6576173305511
300,45, 570.7543489933014
300,38, 571.8462190628052
301,45, 572.9402058124542
300,31, 574.0337514877319
300,51, 575.1264531612396
300,46, 576.2214066982269
300,40, 577.3139259815216
300,47, 578.4097101688385
300,43, 579.5032157897949
300,50, 580.5970726013184
300,43, 581.6901257038116
300,44, 582.7833871841431
300,45, 583.8789582252502
300,45, 584.9724400043488
300,28, 586.0651557445526
300,43, 587.1588020324707
300,41, 588.2525925636292
300,42, 589.3487546443939
300,40, 590.4435920715332
300,45, 591.5351686477661
301,43, 592.6267800331116
300,40, 593.7183825969696
300,49, 594.812043428421
300,42, 595.9073152542114
300,37, 597.0032501220703
300,24, 598.0967473983765
300,47, 599.1881844997406
300,39, 600.2800936698914
301,42, 601.3728988170624
300,45, 602.4675879478455
300,33, 603.5599763393402
300,36, 604.6517164707184
300,36, 605.742335319519
300,37, 606.8412222862244
300,45, 607.9366412162781
300,37, 609.0293464660645
301,48, 610.1223764419556
300,44, 611.2173438072205
300,34, 612.3101127147675
300,39, 613.4032344818115
300,38, 614.496148109436
300,33, 615.5897340774536
300,40, 616.6833817958832
300,44, 617.7750813961029
300,42, 618.86781001091
301,38, 619.9628849029541
300,40, 621.0531995296478
300,47, 622.1476631164551
300,45, 623.2424864768982
300,35, 624.3357853889465
300,33, 625.4271810054779
300,43, 626.5215156078339
300,50, 627.6183066368103
300,49, 628.7126252651215
300,52, 629.8083527088165
300,50, 630.899781703949
300,50, 631.9930412769318
300,45, 633.0871195793152
300,40, 634.1795694828033
300,35, 635.2731835842133
300,40, 636.3663249015808
300,41, 637.4587898254395
301,49, 638.5506417751312
300,50, 639.6445140838623
300,47, 640.7372484207153
300,46, 641.8298804759979
300,39, 642.9248433113098
300,47, 644.0162851810455
300,39, 645.1089460849762
300,41, 646.2054841518402
301,41, 647.2984156608582
301,44, 648.3945300579071
300,38, 649.4848246574402
300,39, 650.5808823108673
300,41, 651.6743969917297
300,51, 652.7685441970825
300,37, 653.8623223304749
300,42, 654.9559562206268
300,46, 656.0492355823517
301,41, 657.1414096355438
300,34, 658.2329292297363
300,48, 659.326363325119
300,43, 660.4201202392578
300,38, 661.5129547119141
300,52, 662.6068227291107
300,47, 663.6997487545013
300,40, 664.792466878891
301,44, 665.8858227729797
300,45, 666.9777224063873
300,49, 668.0703737735748
300,44, 669.1665742397308
300,42, 670.2597222328186
300,38, 671.3526062965393
300,50, 672.4452638626099
300,41, 673.5408546924591
300,51, 674.6357917785645
301,45, 675.7323489189148
300,38, 676.8244619369507
300,38, 677.9178507328033
300,46, 679.0103616714478
300,42, 680.1028916835785
300,52, 681.1995761394501
300,48, 682.2920045852661
300,43, 683.3830142021179
301,39, 684.4763422012329
300,41, 685.5717391967773
300,50, 686.6643035411835
300,41, 687.7581038475037
300,44, 688.8489046096802
300,33, 689.9427700042725
300,35, 691.0343449115753
301,45, 692.127872467041
300,35, 693.2204282283783
300,38, 694.3120248317719
300,37, 695.404904127121
300,49, 696.4975824356079
300,42, 697.5907955169678
300,36, 698.6832377910614
300,47, 699.7773537635803
300,40, 700.8707571029663
301,45, 701.9643371105194
300,29, 703.0564217567444
300,29, 704.1484897136688
300,43, 705.2419331073761
300,38, 706.3351054191589
300,45, 707.4306979179382
300,38, 708.5240545272827
300,48, 709.6201870441437
300,32, 710.710743188858
300,43, 711.8066449165344
300,40, 712.8984959125519
300,41, 713.9925701618195
300,40, 715.0858981609344
300,36, 716.1797590255737
300,40, 717.2733554840088
300,54, 718.3669414520264
300,36, 719.4563982486725
300,33, 720.548134803772
301,44, 721.6398568153381
300,49, 722.7327625751495
300,45, 723.8304252624512
300,59, 724.9232277870178
300,45, 726.0168373584747
300,44, 727.1082136631012
300,46, 728.1995651721954
300,38, 729.2913491725922
301,56, 730.385095834732
301,42, 731.4789233207703
300,48, 732.5705661773682
300,38, 733.661218881607
300,56, 734.7555820941925
300,50, 735.848452091217
300,48, 736.9423358440399
300,38, 738.0382823944092
300,40, 739.1297407150269
301,52, 740.222859621048
300,45, 741.3169491291046
300,45, 742.4096579551697
300,45, 743.5046498775482
300,43, 744.5994935035706
300,43, 745.6913409233093
300,46, 746.7841811180115
300,44, 747.8788266181946
301,46, 748.9721913337708
300,43, 750.064197063446
300,41, 751.1566970348358
300,34, 752.249427318573
300,40, 753.3420231342316
300,39, 754.4359345436096
300,48, 755.5309929847717
300,44, 756.6235432624817
300,51, 757.7151551246643
301,42, 758.8058335781097
300,37, 759.8995587825775
300,35, 760.9931683540344
300,46, 762.0868360996246
300,44, 763.1798579692841
300,37, 764.2746298313141
300,50, 765.3664910793304
300,46, 766.4592049121857
300,52, 767.5553300380707
301,45, 768.6479225158691
301,36, 769.7397038936615
300,41, 770.8327889442444
300,40, 771.924488067627
300,48, 773.0198948383331
300,40, 774.1180355548859
300,38, 775.2092742919922
300,38, 776.3017239570618
300,41, 777.4006500244141
301,35, 778.4957375526428
301,38, 779.5900609493256
300,42, 780.6826107501984
300,38, 781.7782161235809
300,38, 782.8684771060944
300,44, 783.9600284099579
300,36, 785.0532333850861
300,50, 786.145697593689
300,43, 787.2390005588531
301,54, 788.3307025432587
300,48, 789.4243693351746
300,51, 790.5169014930725
300,44, 791.6123468875885
300,41, 792.7056813240051
300,33, 793.8011722564697
300,46, 794.8953754901886
300,45, 795.9888608455658
300,43, 797.0846977233887
301,39, 798.177440404892
300,50, 799.2676076889038
300,42, 800.3600132465363
300,37, 801.4537291526794
300,44, 802.5462622642517
300,44, 803.640168428421
300,48, 804.7329339981079
300,44, 805.8256659507751
301,41, 806.9181106090546
300,31, 808.0098302364349
300,35, 809.1026899814606
300,44, 810.1953718662262
300,44, 811.2869777679443
300,39, 812.3807415962219
300,37, 813.4739415645599
300,50, 814.5666980743408
300,43, 815.6596331596375
301,41, 816.7537670135498
300,35, 817.8455331325531
300,42, 818.9405794143677
300,36, 820.0366191864014
300,45, 821.1300659179688
300,44, 822.2249686717987
300,35, 823.3165557384491
300,39, 824.4085247516632
300,43, 825.5019180774689
301,49, 826.5967087745667
300,36, 827.691276550293
300,40, 828.7835211753845
300,50, 829.876895904541
300,45, 830.9698960781097
300,42, 832.0640797615051
300,47, 833.1545443534851
300,33, 834.2490062713623
300,36, 835.342010974884
301,48, 836.4343678951263
300,46, 837.5269145965576
300,32, 838.6250877380371
300,45, 839.7155792713165
300,46, 840.8094108104706
300,42, 841.9016816616058
300,44, 842.994880437851
300,39, 844.0903379917145
300,41, 845.1827697753906
301,46, 846.2758712768555
300,46, 847.3685975074768
300,47, 848.4625329971313
300,46, 849.5550792217255
300,38, 850.6489989757538
300,41, 851.7466819286346
300,42, 852.8421719074249
300,40, 853.9385740756989
301,48, 855.032087802887
300,34, 856.127035856247
300,51, 857.219563961029
300,34, 858.3132450580597
300,46, 859.4078667163849
300,49, 860.4996292591095
300,40, 861.5921738147736
300,49, 862.684937953949
301,44, 863.7776780128479
300,54, 864.8733911514282
300,37, 865.9673717021942
300,40, 867.0598928928375
300,39, 868.1516470909119
300,37, 869.2442770004272
300,41, 870.3376979827881
300,37, 871.4305260181427
300,46, 872.5248990058899
300,42, 873.6183514595032
301,51, 874.7131536006927
300,42, 875.8049819469452
300,41, 876.8978047370911
300,52, 877.9899778366089
300,53, 879.0823953151703
300,39, 880.1772990226746
300,45, 881.268794298172
300,56, 882.3629624843597
301,44, 883.4553699493408
300,53, 884.548544883728
300,45, 885.6411762237549
300,35, 886.7347548007965
300,42, 887.8293206691742
300,48, 888.9220685958862
300,45, 890.0155675411224
300,30, 891.1101019382477
300,43, 892.2014095783234
301,36, 893.2941269874573
300,40, 894.3893728256226
300,42, 895.4824323654175
300,39, 896.5771322250366
300,43, 897.6708292961121
300,47, 898.7654409408569
300,43, 899.8574810028076
301,48, 900.954962015152
301,45, 902.0465590953827
300,43, 903.1420803070068
300,43, 904.2347793579102
300,33, 905.328426361084
300,50, 906.4221284389496
300,45, 907.5157995223999
300,39, 908.6140961647034
300,34, 909.7088489532471
301,43, 910.8051402568817
300,37, 911.8954992294312
300,45, 912.9917905330658
300,44, 914.0884575843811
300,51, 915.1810228824615
300,40, 916.2730140686035
300,39, 917.3665783405304
300,39, 918.4619517326355
300,37, 919.5561504364014
301,45, 920.6486830711365
300,42, 921.7425329685211
300,42, 922.8373885154724
300,45, 923.9287505149841
300,39, 925.0221035480499
300,44, 926.1170508861542
300,44, 927.2110888957977
300,49, 928.3077218532562
300,45, 929.4004340171814
301,39, 930.4934589862823
300,37, 931.5867946147919
300,55, 932.6816444396973
300,45, 933.773428440094
300,43, 934.8669857978821
300,42, 935.9611837863922
300,39, 937.0529215335846
300,40, 938.1485550403595
300,35, 939.2463212013245
301,46, 940.3431799411774
300,40, 941.4379191398621
300,46, 942.5349009037018
300,42, 943.6269810199738
300,48, 944.7207202911377
300,44, 945.8101513385773
300,48, 946.90531873703
300,38, 947.9986984729767
301,47, 949.0920152664185
300,46, 950.1868302822113
300,35, 951.2792387008667
300,43, 952.3709194660187
300,42, 953.4634792804718
300,36, 954.5588366985321
300,39, 955.6508667469025
300,35, 956.7445275783539
301,44, 957.8385078907013
301,36, 958.9310331344604
300,33, 960.0256481170654
300,55, 961.1182730197906
300,42, 962.2132740020752
300,36, 963.3040356636047
300,43, 964.3993782997131
300,34, 965.4927976131439
300,45, 966.5853433609009
300,45, 967.6789691448212
300,33, 968.7743813991547
300,43, 969.8654761314392
300,36, 970.9591524600983
300,34, 972.0548319816589
300,50, 973.1473441123962
300,40, 974.2398171424866
300,50, 975.3326759338379
300,45, 976.4265289306641
301,48, 977.5169544219971
300,39, 978.6101603507996
300,41, 979.7038729190826
300,51, 980.7964150905609
300,45, 981.8911066055298
300,43, 982.9869248867035
300,50, 984.0796415805817
300,44, 985.1717214584351
300,44, 986.2664744853973
301,43, 987.3587925434113
300,53, 988.45232629776
300,36, 989.5440661907196
300,36, 990.636650800705
300,41, 991.732405424118
300,49, 992.8248975276947
300,44, 993.9176840782166
300,42, 995.0115928649902
300,46, 996.1066446304321
301,45, 997.201717376709
300,44, 998.2944464683533
300,40, 999.3883295059204
300,38, 1000.4851171970367
300,48, 1001.5796630382538
300,37, 1002.6714904308319
300,41, 1003.7657687664032
300,46, 1004.8582165241241
301,43, 1005.9542202949524
300,50, 1007.0448381900787
300,36, 1008.140038728714
300,38, 1009.2334694862366
300,44, 1010.328774690628
300,46, 1011.4214217662811
300,41, 1012.5141024589539
300,35, 1013.6086258888245
300,47, 1014.704384803772
301,47, 1015.7946496009827
300,42, 1016.8889334201813
300,35, 1017.9815037250519
300,40, 1019.0729229450226
300,37, 1020.1625218391418
300,43, 1021.2585878372192
300,48, 1022.3515491485596
300,43, 1023.4485602378845
300,33, 1024.5417261123657
301,37, 1025.6357333660126
300,40, 1026.731150150299
300,44, 1027.8269367218018
300,49, 1028.9195456504822
300,43, 1030.0122799873352
300,44, 1031.1060767173767
300,41, 1032.19877243042
300,38, 1033.2922880649567
301,36, 1034.3856453895569
300,42, 1035.4790930747986
300,37, 1036.573016166687
300,32, 1037.666778087616
300,57, 1038.7584223747253
300,35, 1039.852615594864
300,38, 1040.9469728469849
300,46, 1042.040477514267
301,39, 1043.1348915100098
300,37, 1044.2275848388672
300,31, 1045.3242194652557
300,37, 1046.4189462661743
300,44, 1047.5115807056427
300,45, 1048.6067688465118
300,39, 1049.6980850696564
300,35, 1050.7910413742065
301,46, 1051.8842680454254
301,46, 1052.9784548282623
300,43, 1054.0715582370758
300,36, 1055.1614475250244
300,30, 1056.2548213005066
300,37, 1057.350406885147
300,42, 1058.4430043697357
300,41, 1059.533573627472
300,39, 1060.6305191516876
300,43, 1061.7239005565643
300,47, 1062.8191986083984
300,52, 1063.9115724563599
300,44, 1065.0030241012573
300,33, 1066.0956490039825
300,32, 1067.1899192333221
300,41, 1068.2826499938965
300,36, 1069.3763537406921
300,48, 1070.4675040245056
301,40, 1071.5619411468506
300,41, 1072.6546747684479
300,37, 1073.7472808361053
300,39, 1074.8391559123993
300,40, 1075.9343402385712
300,41, 1077.0271468162537
300,39, 1078.1241371631622
300,38, 1079.2148606777191
301,34, 1080.3108749389648
300,41, 1081.4061961174011
300,41, 1082.4996786117554
300,40, 1083.5921514034271
300,45, 1084.6851780414581
300,45, 1085.779987335205
300,53, 1086.8756921291351
300,41, 1087.9698779582977
300,40, 1089.0603168010712
301,50, 1090.152423620224
300,45, 1091.2483477592468
300,42, 1092.3433899879456
300,39, 1093.434357881546
300,45, 1094.5269451141357
300,47, 1095.6217813491821
300,44, 1096.7144651412964
300,34, 1097.8102238178253
301,39, 1098.9023976325989
300,42, 1099.9971692562103
300,40, 1101.0938758850098
300,41, 1102.1855947971344
300,39, 1103.2802777290344
300,40, 1104.3718073368073
300,40, 1105.464509010315
300,39, 1106.556904554367
300,47, 1107.6490771770477
301,45, 1108.7427744865417
300,41, 1109.8364927768707
300,32, 1110.9290475845337
300,37, 1112.0235304832458
300,37, 1113.1176149845123
300,41, 1114.2081015110016
300,46, 1115.3006744384766
300,37, 1116.3924536705017
301,47, 1117.4844739437103
301,44, 1118.5766665935516
300,43, 1119.66943359375
300,47, 1120.7624335289001
300,35, 1121.8548700809479
300,34, 1122.9531209468842
300,43, 1124.0467052459717
300,39, 1125.1428699493408
300,42, 1126.2375576496124
301,52, 1127.3300516605377
300,48, 1128.4227621555328
300,41, 1129.5161952972412
300,38, 1130.6081035137177
300,38, 1131.6997952461243
300,46, 1132.7918593883514
300,41, 1133.8818008899689
300,39, 1134.9780378341675
301,44, 1136.0740694999695
300,36, 1137.1693348884583
300,38, 1138.2649371623993
300,46, 1139.357622385025
300,40, 1140.4511210918427
300,41, 1141.5437042713165
300,43, 1142.6372735500336
300,46, 1143.729903459549
301,44, 1144.8233892917633
300,31, 1145.9149882793427
300,32, 1147.0086948871613
300,48, 1148.1012644767761
300,45, 1149.1948428153992
300,48, 1150.286988735199
300,52, 1151.3796417713165
300,49, 1152.4751634597778
300,29, 1153.5678668022156
301,43, 1154.6594700813293
300,48, 1155.7541563510895
300,55, 1156.84548163414
300,46, 1157.9386594295502
300,39, 1159.0311315059662
300,39, 1160.1249721050262
300,42, 1161.2183849811554
300,36, 1162.3110165596008
300,49, 1163.4027290344238
301,43, 1164.4963347911835
300,33, 1165.5929918289185
300,31, 1166.6858077049255
300,40, 1167.77747631073
300,47, 1168.8699827194214
300,44, 1169.9633555412292
300,45, 1171.0563292503357
300,37, 1172.1521735191345
301,43, 1173.248719215393
300,51, 1174.342931509018
300,41, 1175.43927693367
300,35, 1176.5311298370361
300,51, 1177.6238973140717
300,42, 1178.7163186073303
300,43, 1179.809520483017
300,56, 1180.9020321369171
301,44, 1181.995480298996
300,49, 1183.0910143852234
300,44, 1184.1848735809326
300,43, 1185.2785105705261
300,34, 1186.3734488487244
300,33, 1187.4652936458588
300,56, 1188.5603892803192
300,49, 1189.654438495636
301,41, 1190.747036933899
300,39, 1191.8377346992493
300,32, 1192.9286003112793
300,40, 1194.0252578258514
300,42, 1195.1185669898987
300,32, 1196.208946466446
300,44, 1197.3014647960663
300,39, 1198.3952946662903
300,44, 1199.4870629310608
301,35, 1200.5794520378113
300,37, 1201.6726491451263
300,44, 1202.7662346363068
300,38, 1203.861606836319
300,35, 1204.9518356323242
300,46, 1206.0457367897034
300,56, 1207.1392290592194
300,40, 1208.2318487167358
301,39, 1209.3267948627472
300,45, 1210.4212799072266
300,41, 1211.5140459537506
300,45, 1212.6071891784668
300,42, 1213.7011394500732
300,42, 1214.7969739437103
300,34, 1215.8883049488068
300,40, 1216.9817090034485
300,43, 1218.0766503810883
301,44, 1219.167828321457
300,50, 1220.2626464366913
300,57, 1221.3565020561218
300,38, 1222.4504652023315
300,40, 1223.5443034172058
300,42, 1224.6381599903107
300,46, 1225.7307941913605
300,38, 1226.8246955871582
301,44, 1227.9162435531616
301,52, 1229.0087368488312
300,37, 1230.1023602485657
300,52, 1231.1954169273376
300,49, 1232.2901711463928
300,43, 1233.3823688030243
300,46, 1234.4779500961304
300,38, 1235.5705363750458
300,46, 1236.6660618782043
301,58, 1237.760446548462
300,47, 1238.8547432422638
300,45, 1239.95188164711
300,39, 1241.0477120876312
300,24, 1242.140452861786
300,43, 1243.2341907024384
300,49, 1244.3272409439087
300,39, 1245.420952796936
300,40, 1246.514704465866
301,42, 1247.6067833900452
300,40, 1248.6992988586426
300,42, 1249.7932209968567
300,38, 1250.8859980106354
300,43, 1251.9781563282013
300,41, 1253.0723547935486
300,41, 1254.1670985221863
300,35, 1255.259661912918
301,41, 1256.3522040843964
301,43, 1257.4445481300354
300,39, 1258.5384576320648
300,57, 1259.6318426132202
300,40, 1260.7260990142822
300,27, 1261.8176884651184
300,41, 1262.9120781421661
300,48, 1264.0097122192383
300,49, 1265.1035830974579
301,40, 1266.1972272396088
300,38, 1267.289141178131
300,43, 1268.3817188739777
300,50, 1269.4750957489014
300,40, 1270.569274187088
300,35, 1271.6620845794678
300,48, 1272.757849931717
300,47, 1273.853336572647
301,32, 1274.9491348266602
301,35, 1276.042814731598
300,36, 1277.1385955810547
300,45, 1278.2295262813568
300,26, 1279.3264458179474
300,44, 1280.4199929237366
300,41, 1281.512244939804
300,44, 1282.6046562194824
300,41, 1283.6991050243378
301,40, 1284.7904245853424
300,43, 1285.8834083080292
300,45, 1286.9770379066467
300,40, 1288.069902896881
300,51, 1289.163274049759
300,47, 1290.2599940299988
300,46, 1291.3539385795593
300,38, 1292.4496488571167
300,44, 1293.5421710014343
301,38, 1294.6337368488312
300,48, 1295.7277402877808
300,38, 1296.8199634552002
300,39, 1297.9162335395813
300,43, 1299.009439945221
300,43, 1300.1040790081024
300,48, 1301.1978878974915
300,47, 1302.2908437252045
300,40, 1303.3847975730896
301,30, 1304.4762330055237
300,31, 1305.5679688453674
300,45, 1306.663705587387
300,31, 1307.7559297084808
300,38, 1308.85085272789
300,48, 1309.9413797855377
300,36, 1311.0345768928528
300,35, 1312.1281864643097
301,41, 1313.2219731807709
300,50, 1314.3141958713531
300,37, 1315.408955335617
300,27, 1316.5005576610565
300,42, 1317.5879263877869
300,41, 1318.6849207878113
300,51, 1319.780594587326
300,49, 1320.872863292694
300,50, 1321.9673171043396
301,44, 1323.0642907619476
300,39, 1324.1586105823517
300,47, 1325.2510650157928
300,37, 1326.3435068130493
300,36, 1327.434107542038
300,34, 1328.5276181697845
300,49, 1329.6226301193237
300,44, 1330.715010881424
300,47, 1331.8078956604004
301,33, 1332.9000096321106
300,36, 1333.9926323890686
300,46, 1335.0851826667786
300,40, 1336.179675102234
300,34, 1337.2744402885437
300,35, 1338.3707432746887
300,45, 1339.4665594100952
300,46, 1340.559953212738
300,53, 1341.654812335968
300,35, 1342.7473073005676
300,43, 1343.8399786949158
300,41, 1344.932540655136
300,36, 1346.028558254242
300,45, 1347.1239211559296
300,50, 1348.216590166092
300,51, 1349.308304309845
300,42, 1350.4018723964691
301,41, 1351.495624780655
301,30, 1352.5914766788483
300,45, 1353.6828866004944
300,38, 1354.775451183319
300,46, 1355.8670744895935
300,41, 1356.9629192352295
300,38, 1358.057873725891
300,43, 1359.1493060588837
300,36, 1360.240597486496
301,37, 1361.3353714942932
300,36, 1362.432700395584
300,42, 1363.5295767784119
300,44, 1364.6226603984833
300,42, 1365.716727733612
300,42, 1366.8084218502045
300,48, 1367.900542974472
300,37, 1368.9933717250824
301,42, 1370.0889868736267
301,33, 1371.1857481002808
300,41, 1372.281840801239
300,39, 1373.3767397403717
300,42, 1374.4703238010406
300,42, 1375.5626995563507
300,37, 1376.6579763889313
300,48, 1377.7524297237396
300,52, 1378.8462512493134
301,43, 1379.9379136562347
300,35, 1381.0311665534973
300,44, 1382.1207778453827
300,30, 1383.216718673706
300,32, 1384.3111155033112
300,49, 1385.4040205478668
300,36, 1386.4950351715088
300,36, 1387.590496301651
300,50, 1388.6813225746155
301,52, 1389.772134065628
300,40, 1390.8684570789337
300,41, 1391.9609351158142
300,25, 1393.0551681518555
300,38, 1394.1469898223877
300,36, 1395.2436845302582
300,45, 1396.3373243808746
300,47, 1397.4309554100037
300,47, 1398.5241253376007
301,43, 1399.616822719574
300,36, 1400.7103381156921
300,40, 1401.803842306137
300,44, 1402.894516468048
300,52, 1403.9855952262878
300,34, 1405.0771734714508
300,30, 1406.1720595359802
300,33, 1407.2698938846588
301,46, 1408.3649785518646
300,46, 1409.457314491272
300,41, 1410.5486211776733
300,47, 1411.643527507782
300,30, 1412.7371582984924
300,38, 1413.8304815292358
300,39, 1414.9229712486267
300,46, 1416.0158360004425
300,42, 1417.108707666397
301,54, 1418.202642917633
300,37, 1419.2953281402588
300,40, 1420.3872706890106
300,47, 1421.481642484665
300,35, 1422.5786983966827
300,43, 1423.6726462841034
300,43, 1424.7661838531494
300,48, 1425.8584370613098
301,46, 1426.9534282684326
300,42, 1428.0468780994415
300,35, 1429.1385011672974
300,34, 1430.2335591316223
300,33, 1431.3288168907166
300,39, 1432.4235870838165
300,42, 1433.5163197517395
300,40, 1434.610045671463
300,34, 1435.703060388565
301,52, 1436.7943098545074
300,33, 1437.8866560459137
300,39, 1438.980890750885
300,52, 1440.0760879516602
300,40, 1441.167742729187
300,50, 1442.2624883651733
300,37, 1443.3542501926422
300,45, 1444.4478504657745
300,26, 1445.5392899513245
301,45, 1446.6333813667297
301,36, 1447.7276678085327
300,42, 1448.8228635787964
300,44, 1449.915494441986
300,52, 1451.0102877616882
300,37, 1452.1035606861115
300,44, 1453.2035682201385
300,46, 1454.3003933429718
300,41, 1455.3921926021576
301,39, 1456.4866933822632
300,45, 1457.5801005363464
300,45, 1458.6733112335205
300,50, 1459.765187740326
300,44, 1460.859202861786
300,34, 1461.9497623443604
300,40, 1463.0450055599213
300,46, 1464.1373567581177
301,37, 1465.2307305335999
300,35, 1466.3233649730682
300,44, 1467.4171741008759
300,36, 1468.509762763977
300,48, 1469.6017837524414
300,36, 1470.6951868534088
300,56, 1471.7880556583405
300,32, 1472.880134344101
300,32, 1473.9768862724304
301,36, 1475.0720932483673
300,43, 1476.1634492874146
300,52, 1477.2553446292877
300,46, 1478.3479471206665
300,42, 1479.4418697357178
300,42, 1480.5341229438782
300,37, 1481.6237223148346
300,40, 1482.716249704361
301,39, 1483.8084506988525
300,39, 1484.9015011787415
300,37, 1485.9955751895905
300,45, 1487.0935187339783
300,36, 1488.1843955516815
300,40, 1489.2788636684418
300,25, 1490.3697683811188
300,32, 1491.4640469551086
300,32, 1492.5576510429382
300,45, 1493.6530737876892
300,41, 1494.745593547821
300,42, 1495.8399999141693
300,42, 1496.9327561855316
300,42, 1498.0256373882294
300,42, 1499.1195743083954
300,39, 1500.2141897678375
300,38, 1501.306975364685
300,47, 1502.3987038135529
301,36, 1503.493404865265
300,40, 1504.5875024795532
300,43, 1505.6807599067688
300,40, 1506.7733600139618
300,35, 1507.8683223724365
300,40, 1508.9592971801758
300,35, 1510.0517981052399
300,43, 1511.141343832016
301,46, 1512.2353827953339
301,37, 1513.3290898799896
300,45, 1514.4217281341553
300,40, 1515.5163176059723
300,39, 1516.6078701019287
300,43, 1517.7025306224823
300,44, 1518.7950587272644
300,38, 1519.8861107826233
300,34, 1520.9774978160858
301,46, 1522.0700879096985
300,35, 1523.1630182266235
300,42, 1524.2568147182465
300,38, 1525.3501913547516
300,38, 1526.443220615387
300,37, 1527.5386295318604
300,43, 1528.6341547966003
300,49, 1529.7277359962463
301,35, 1530.8217642307281
301,40, 1531.9133954048157
300,42, 1533.0067591667175
300,34, 1534.1009542942047
300,35, 1535.1946232318878
300,40, 1536.2870318889618
300,45, 1537.3804025650024
300,39, 1538.4752655029297
300,37, 1539.5686230659485
300,30, 1540.6600267887115
300,50, 1541.7533106803894
300,40, 1542.8440840244293
300,48, 1543.9385228157043
300,38, 1545.0321838855743
300,44, 1546.124962091446
300,46, 1547.216831445694
300,51, 1548.3124058246613
300,50, 1549.4050793647766
301,46, 1550.5008890628815
301,41, 1551.5943629741669
300,46, 1552.6888799667358
300,30, 1553.7855489253998
300,31, 1554.8773937225342
300,39, 1555.9701647758484
300,48, 1557.064731836319
300,39, 1558.1570353507996
300,43, 1559.249116897583
301,47, 1560.340965270996
300,43, 1561.4367899894714
300,32, 1562.5295088291168
300,44, 1563.6237289905548
300,30, 1564.71728849411
300,42, 1565.8106169700623
300,42, 1566.9017918109894
300,45, 1567.9987936019897
301,29, 1569.0922737121582
300,43, 1570.183004617691
300,37, 1571.2770736217499
300,40, 1572.3702478408813
300,42, 1573.463332414627
300,42, 1574.5577914714813
300,44, 1575.6491646766663
300,40, 1576.7413461208344
300,46, 1577.8359344005585
301,25, 1578.9277653694153
300,40, 1580.0180060863495
300,50, 1581.1127231121063
300,35, 1582.2054426670074
300,39, 1583.301388502121
300,42, 1584.3933572769165
300,40, 1585.4851081371307
300,43, 1586.5785174369812
300,37, 1587.6710529327393
300,41, 1588.7648890018463
300,44, 1589.8560264110565
300,46, 1590.9477186203003
300,34, 1592.0432965755463
300,55, 1593.134994983673
300,39, 1594.2318663597107
300,42, 1595.3250267505646
300,44, 1596.4173004627228
301,41, 1597.511787891388
301,43, 1598.605146408081
300,39, 1599.6991305351257
300,34, 1600.7936851978302
300,42, 1601.8854801654816
300,45, 1602.978371143341
300,33, 1604.0734782218933
300,36, 1605.1679706573486
300,38, 1606.2620112895966
301,45, 1607.3547616004944
301,28, 1608.4489033222198
300,44, 1609.541175365448
300,42, 1610.6351277828217
300,49, 1611.7297179698944
300,36, 1612.8294162750244
300,40, 1613.922946691513
300,42, 1615.017895936966
300,30, 1616.108342409134
301,38, 1617.2009177207947
300,46, 1618.2961571216583
300,46, 1619.3888869285583
300,37, 1620.4813342094421
300,44, 1621.573945760727
300,42, 1622.6681597232819
300,39, 1623.7609632015228
300,36, 1624.853397846222
301,45, 1625.9483797550201
301,44, 1627.0423448085785
300,50, 1628.1355261802673
300,35, 1629.233564376831
300,49, 1630.328938961029
300,34, 1631.420491695404
300,41, 1632.5163111686707
300,47, 1633.6096737384796
300,39, 1634.705278635025
301,44, 1635.800588607788
300,43, 1636.892250776291
300,33, 1637.985093832016
300,33, 1639.0763051509857
300,42, 1640.1688866615295
300,48, 1641.2626223564148
300,41, 1642.3551225662231
300,47, 1643.4465279579163
300,46, 1644.5389623641968
301,37, 1645.6355164051056
301,34, 1646.7310209274292
300,45, 1647.826544046402
300,29, 1648.919800043106
300,46, 1650.0124247074127
300,35, 1651.1052076816559
300,32, 1652.19797873497
300,36, 1653.293045759201
300,36, 1654.3867676258087
301,52, 1655.4801762104034
300,46, 1656.5742053985596
300,37, 1657.6669256687164
300,41, 1658.7596762180328
300,48, 1659.8549492359161
300,44, 1660.948614358902
300,45, 1662.0444853305817
300,45, 1663.137119293213
300,34, 1664.2277681827545
301,43, 1665.3228619098663
300,41, 1666.4180331230164
300,38, 1667.510339975357
300,41, 1668.6067245006561
300,43, 1669.7006351947784
300,27, 1670.7950122356415
300,31, 1671.8871936798096
300,35, 1672.9815711975098
301,37, 1674.0750443935394
300,39, 1675.166753768921
300,42, 1676.2641036510468
300,32, 1677.356691122055
300,41, 1678.449242591858
300,52, 1679.5414962768555
300,41, 1680.636236190796
300,41, 1681.7312433719635
301,59, 1682.821569442749
301,43, 1683.9153153896332
300,45, 1685.0084562301636
300,44, 1686.0997319221497
300,46, 1687.1932723522186
300,33, 1688.2857947349548
300,38, 1689.3794839382172
300,41, 1690.4711458683014
300,27, 1691.567393064499
300,28, 1692.6639502048492
300,39, 1693.7568817138672
300,42, 1694.8539192676544
300,43, 1695.9468894004822
300,38, 1697.0385451316833
300,41, 1698.131278514862
300,40, 1699.2251164913177
300,43, 1700.3187892436981
300,38, 1701.4133279323578
301,44, 1702.5077323913574
301,40, 1703.5995626449585
300,38, 1704.6933772563934
300,45, 1705.7884776592255
300,39, 1706.8813285827637
300,51, 1707.9729232788086
300,39, 1709.0680005550385
300,49, 1710.159558057785
300,48, 1711.2521030902863
301,48, 1712.3482666015625
300,41, 1713.4424414634705
300,41, 1714.536922454834
300,41, 1715.629331111908
300,45, 1716.7236957550049
300,39, 1717.817313671112
300,36, 1718.9111623764038
300,33, 1720.002995967865
301,43, 1721.096336364746
301,46, 1722.1880586147308
300,35, 1723.2805399894714
300,48, 1724.3733417987823
300,44, 1725.4661219120026
300,30, 1726.5585656166077
300,47, 1727.6512913703918
300,40, 1728.7454235553741
300,42, 1729.8382406234741
301,44, 1730.932926416397
300,38, 1732.0231289863586
300,49, 1733.1176331043243
300,25, 1734.210075378418
300,41, 1735.3037486076355
300,39, 1736.3955717086792
300,44, 1737.4887731075287
300,35, 1738.5812978744507
300,41, 1739.6729452610016
300,43, 1740.7670936584473
300,35, 1741.8678603172302
300,36, 1742.9595329761505
300,32, 1744.0523715019226
300,40, 1745.146273136139
300,47, 1746.2432510852814
300,36, 1747.3414297103882
300,47, 1748.4352416992188
301,33, 1749.5279445648193
301,39, 1750.622403383255
300,30, 1751.716046333313
300,47, 1752.80752658844
300,55, 1753.9000880718231
300,46, 1754.9967422485352
300,35, 1756.0905668735504
300,48, 1757.1855771541595
301,47, 1758.27574801445
301,42, 1759.3693580627441
300,38, 1760.4653820991516
300,43, 1761.558111190796
300,26, 1762.651894569397
300,33, 1763.7449684143066
300,43, 1764.8415169715881
300,40, 1765.935905456543
301,39, 1767.0274467468262
301,41, 1768.1193187236786
300,38, 1769.21266746521
300,53, 1770.3053271770477
300,32, 1771.3984234333038
300,49, 1772.4900124073029
300,34, 1773.582109451294
300,43, 1774.6755857467651
301,49, 1775.7674162387848
301,47, 1776.8584008216858
300,36, 1777.9511029720306
300,46, 1779.04274392128
300,33, 1780.1365694999695
300,40, 1781.230990409851
300,36, 1782.3267893791199
300,47, 1783.4183428287506
300,36, 1784.5125560760498
300,62, 1785.604120016098
301,50, 1786.6965429782867
300,40, 1787.790604352951
300,42, 1788.8830811977386
300,42, 1789.978889465332
300,46, 1791.0713469982147
300,46, 1792.1639394760132
300,37, 1793.2565598487854
300,36, 1794.3521287441254
301,40, 1795.4413895606995
300,43, 1796.5337271690369
300,32, 1797.6244745254517
300,33, 1798.7153527736664
300,37, 1799.8093495368958
300,51, 1800.9002690315247
300,50, 1801.9933986663818
300,47, 1803.0861864089966
300,40, 1804.1809639930725
301,53, 1805.2784235477448
300,43, 1806.373095035553
300,40, 1807.4650316238403
300,51, 1808.5617544651031
300,43, 1809.654484987259
300,43, 1810.7459406852722
300,54, 1811.8382604122162
300,34, 1812.9320559501648
301,32, 1814.0240058898926
300,36, 1815.1140792369843
300,44, 1816.209008216858
300,37, 1817.298489332199
300,38, 1818.391678094864
300,42, 1819.4848086833954
300,36, 1820.5774793624878
300,47, 1821.6716976165771
301,39, 1822.7645270824432
301,35, 1823.8587200641632
300,43, 1824.9539487361908
300,52, 1826.0477740764618
300,41, 1827.1398730278015
300,31, 1828.2338891029358
300,42, 1829.3298416137695
300,36, 1830.4205553531647
300,40, 1831.5150883197784
301,33, 1832.6067695617676
301,41, 1833.7004163265228
300,56, 1834.7917611598969
300,45, 1835.8856101036072
300,42, 1836.977558851242
300,52, 1838.0696063041687
300,41, 1839.1689865589142
300,34, 1840.262395620346
301,40, 1841.353322505951
301,34, 1842.4437124729156
300,41, 1843.5301303863525
300,38, 1844.6236004829407
300,39, 1845.7126867771149
