countA, countB, T
300,22, 1.0994210243225098
300,25, 2.1944854259490967
300,24, 3.288635015487671
301,27, 4.383727073669434
300,20, 5.473803520202637
300,21, 6.567148208618164
300,32, 7.666830539703369
300,30, 8.75777554512024
300,25, 9.847680807113647
300,22, 10.936644554138184
301,28, 12.028963327407837
301,28, 13.126220226287842
300,37, 14.220689296722412
300,31, 15.312495708465576
300,19, 16.405011415481567
300,34, 17.500749349594116
300,26, 18.58458948135376
300,36, 19.677260398864746
301,27, 20.766971349716187
301,30, 21.864357948303223
300,25, 22.949432373046875
300,26, 24.046226739883423
300,33, 25.145833253860474
300,34, 26.2435085773468
300,43, 27.338987827301025
300,25, 28.438920259475708
300,35, 29.540634870529175
301,27, 30.634734392166138
300,28, 31.728395462036133
300,32, 32.81904411315918
300,23, 33.910526275634766
300,28, 35.00247144699097
300,20, 36.09477472305298
300,31, 37.19380068778992
300,26, 38.29100060462952
300,31, 39.3816442489624
300,29, 40.47413635253906
300,32, 41.56808924674988
300,30, 42.660029888153076
300,22, 43.7523934841156
300,36, 44.84682106971741
300,34, 45.93992209434509
300,26, 47.02786898612976
300,38, 48.12023639678955
301,33, 49.218522787094116
301,30, 50.31197929382324
300,39, 51.405848264694214
300,27, 52.50175762176514
300,24, 53.600993633270264
300,37, 54.69633388519287
300,32, 55.78942918777466
300,22, 56.88086223602295
300,29, 57.97536826133728
301,18, 59.06698799133301
300,24, 60.161372423172
300,20, 61.253127336502075
300,34, 62.346550941467285
300,32, 63.438361406326294
300,27, 64.53023338317871
300,33, 65.62966442108154
300,37, 66.72284722328186
301,34, 67.82025599479675
300,31, 68.91449928283691
300,27, 70.00606107711792
300,20, 71.09962344169617
300,27, 72.19277143478394
300,33, 73.28482842445374
300,30, 74.38086223602295
300,22, 75.47319102287292
301,24, 76.5654685497284
300,19, 77.65755295753479
300,31, 78.75420236587524
300,23, 79.84825205802917
300,28, 80.93629193305969
300,31, 82.03056287765503
300,38, 83.1218159198761
300,31, 84.21592283248901
300,28, 85.30915260314941
301,27, 86.40074229240417
300,27, 87.4945421218872
300,32, 88.58881139755249
300,27, 89.68409299850464
300,29, 90.7761812210083
300,31, 91.86856293678284
300,34, 92.96013736724854
300,26, 94.05362319946289
300,39, 95.152672290802
301,37, 96.24406886100769
300,26, 97.33891820907593
300,21, 98.43199181556702
300,31, 99.52658677101135
300,33, 100.61978244781494
300,37, 101.71607327461243
300,40, 102.80751633644104
300,24, 103.9000198841095
301,29, 104.99253416061401
300,27, 106.08628559112549
300,30, 107.17990493774414
300,24, 108.27268886566162
300,26, 109.36609244346619
300,32, 110.45984101295471
300,38, 111.55248475074768
300,23, 112.65053677558899
301,26, 113.74370837211609
300,32, 114.83970165252686
300,37, 115.93542814254761
300,35, 117.03146862983704
300,25, 118.12490677833557
300,28, 119.21811294555664
300,22, 120.31579113006592
300,34, 121.41121196746826
301,37, 122.50229620933533
301,30, 123.59420895576477
300,22, 124.6917142868042
300,34, 125.78533577919006
300,31, 126.8759708404541
300,34, 127.97320938110352
300,23, 129.06509947776794
300,25, 130.16060972213745
300,31, 131.25259566307068
301,27, 132.3449285030365
300,25, 133.43953275680542
300,28, 134.53477120399475
300,36, 135.62634301185608
300,23, 136.7178294658661
300,32, 137.81556367874146
300,28, 138.90998029708862
300,26, 139.99624681472778
301,27, 141.08791732788086
301,34, 142.18050074577332
300,26, 143.27321124076843
300,28, 144.3665747642517
300,25, 145.46243572235107
300,23, 146.55906677246094
300,31, 147.65247535705566
300,29, 148.74758315086365
300,33, 149.83559489250183
301,33, 150.92899560928345
300,27, 152.02179884910583
300,29, 153.1176474094391
300,30, 154.21686673164368
300,32, 155.31208610534668
300,28, 156.40828204154968
300,28, 157.493510723114
300,22, 158.583092212677
301,28, 159.67702555656433
300,27, 160.7657060623169
300,27, 161.86106491088867
300,24, 162.95944023132324
300,24, 164.05114269256592
300,33, 165.14757752418518
300,34, 166.2394106388092
300,22, 167.33558654785156
301,34, 168.4231538772583
300,29, 169.52275490760803
300,24, 170.61052942276
300,38, 171.7093906402588
300,29, 172.8037350177765
300,24, 173.89771556854248
300,31, 174.9866006374359
300,31, 176.08253979682922
300,23, 177.17151498794556
301,31, 178.27019357681274
300,17, 179.36392045021057
300,24, 180.45967411994934
300,27, 181.55370020866394
300,38, 182.64767026901245
300,24, 183.74620246887207
300,31, 184.83425188064575
300,29, 185.9281370639801
301,24, 187.02020859718323
300,25, 188.12175703048706
300,26, 189.22229290008545
300,35, 190.31946563720703
300,25, 191.40625667572021
300,24, 192.5005030632019
300,27, 193.59618139266968
300,23, 194.6856288909912
301,29, 195.77155709266663
301,31, 196.86443305015564
300,29, 197.96030640602112
300,30, 199.0526876449585
300,27, 200.1417362689972
300,25, 201.22846817970276
300,18, 202.32464838027954
300,28, 203.41941261291504
301,28, 204.5193555355072
301,25, 205.61326956748962
300,28, 206.71153283119202
300,39, 207.80805110931396
300,31, 208.8964810371399
300,31, 210.00073146820068
300,32, 211.09938669204712
300,28, 212.19399309158325
300,40, 213.29375410079956
301,29, 214.37954139709473
300,29, 215.4781539440155
300,23, 216.5682189464569
300,35, 217.65952730178833
300,31, 218.75812339782715
300,22, 219.86054682731628
300,32, 220.9469027519226
300,40, 222.03556418418884
301,30, 223.13230228424072
300,16, 224.23103952407837
300,20, 225.3224322795868
300,30, 226.41584849357605
300,28, 227.5011899471283
300,32, 228.58788347244263
300,25, 229.68561172485352
300,18, 230.77254986763
301,33, 231.859858751297
300,35, 232.94772124290466
300,32, 234.03688859939575
300,36, 235.1204423904419
300,27, 236.21705627441406
300,26, 237.31713318824768
300,32, 238.40157508850098
300,26, 239.49851965904236
301,33, 240.59052681922913
301,28, 241.69223356246948
300,26, 242.7769112586975
300,25, 243.87657833099365
300,31, 244.97114372253418
300,24, 246.0684723854065
300,23, 247.16595458984375
300,33, 248.25646138191223
300,22, 249.3493971824646
301,34, 250.44834852218628
300,17, 251.54111623764038
300,26, 252.63586735725403
300,32, 253.72149801254272
300,25, 254.81849598884583
300,28, 255.91020846366882
300,30, 257.0028200149536
300,25, 258.100492477417
300,25, 259.1940886974335
301,32, 260.28453278541565
300,16, 261.37121391296387
300,31, 262.4579641819
300,32, 263.55676102638245
300,33, 264.65086483955383
300,29, 265.7527630329132
300,28, 266.8524422645569
300,40, 267.94693398475647
301,26, 269.0441994667053
300,28, 270.14210867881775
300,27, 271.2409064769745
300,31, 272.3349652290344
309,31, 273.42608284950256
300,29, 274.5222668647766
300,27, 275.6192834377289
300,32, 276.7130832672119
300,25, 277.80370926856995
301,31, 278.8943648338318
300,23, 279.9915134906769
300,29, 281.0888350009918
300,22, 282.1821765899658
300,31, 283.27030658721924
300,29, 284.3671112060547
300,31, 285.458181142807
301,30, 286.5525863170624
300,21, 287.6371250152588
300,32, 288.72509121894836
300,30, 289.8186619281769
300,37, 290.9171838760376
300,40, 292.0029332637787
300,27, 293.0874855518341
300,29, 294.18036913871765
300,20, 295.26866698265076
301,30, 296.3648087978363
300,20, 297.45825457572937
300,32, 298.5525634288788
300,38, 299.6439971923828
300,35, 300.7413191795349
300,25, 301.8358824253082
300,29, 302.9286057949066
300,36, 304.0176577568054
301,29, 305.11531925201416
301,29, 306.2037932872772
300,30, 307.3026349544525
300,37, 308.3895089626312
300,33, 309.49013590812683
300,29, 310.5845184326172
300,41, 311.67175006866455
300,25, 312.770530462265
301,24, 313.86601424217224
301,35, 314.9585556983948
300,35, 316.05302691459656
300,31, 317.1466796398163
300,24, 318.23636651039124
300,38, 319.334233045578
309,27, 320.4279820919037
300,29, 321.52358984947205
301,20, 322.62121415138245
301,34, 323.7071485519409
300,24, 324.8084444999695
300,33, 325.8967332839966
300,29, 326.99522376060486
300,39, 328.0839807987213
300,31, 329.1779160499573
300,31, 330.27195167541504
300,27, 331.361652135849
301,22, 332.45943450927734
300,30, 333.5534477233887
300,23, 334.64097332954407
300,29, 335.7391381263733
300,33, 336.8338484764099
300,32, 337.92900800704956
300,25, 339.01438331604004
300,26, 340.11599826812744
300,29, 341.2151482105255
301,27, 342.30324268341064
301,29, 343.39041328430176
300,23, 344.4910786151886
300,26, 345.579927444458
300,27, 346.6792411804199
300,39, 347.774373292923
300,26, 348.8634617328644
300,24, 349.9599401950836
300,16, 351.05291175842285
301,28, 352.1460921764374
300,28, 353.24078607559204
300,32, 354.3341407775879
309,32, 355.43384861946106
300,18, 356.5223491191864
300,29, 357.6143538951874
300,19, 358.7098252773285
300,29, 359.79823780059814
301,38, 360.89715051651
301,30, 361.99142575263977
300,28, 363.0844783782959
300,22, 364.17669129371643
300,27, 365.27187991142273
300,27, 366.36623191833496
300,32, 367.46151399612427
300,24, 368.55525827407837
300,38, 369.64971256256104
301,23, 370.7412745952606
300,29, 371.8345446586609
300,31, 372.9320237636566
300,33, 374.03242659568787
300,22, 375.11756348609924
300,27, 376.20816683769226
300,24, 377.3031098842621
300,26, 378.39532804489136
301,30, 379.4921820163727
300,28, 380.5894114971161
300,36, 381.68714928627014
300,29, 382.7810995578766
300,33, 383.8716490268707
300,30, 384.9612672328949
300,32, 386.0556468963623
300,44, 387.14312958717346
301,27, 388.24075722694397
301,28, 389.3411784172058
300,35, 390.42788648605347
300,34, 391.52492666244507
300,22, 392.61555218696594
300,29, 393.70862555503845
300,29, 394.80238103866577
300,32, 395.89903020858765
301,28, 396.9911460876465
301,37, 398.08385729789734
300,33, 399.17825269699097
300,27, 400.2686846256256
300,28, 401.3656644821167
300,27, 402.4590103626251
300,23, 403.5538275241852
300,26, 404.64692521095276
300,24, 405.7405138015747
301,30, 406.83464193344116
300,25, 407.92817401885986
300,28, 409.0214331150055
300,28, 410.1158730983734
300,25, 411.20941710472107
300,23, 412.30359983444214
300,22, 413.39599871635437
300,31, 414.49089336395264
301,41, 415.58903408050537
300,24, 416.6796374320984
300,35, 417.77230763435364
300,27, 418.86430740356445
300,25, 419.9537670612335
300,26, 421.0429480075836
300,35, 422.1305658817291
300,37, 423.22515082359314
300,30, 424.3188388347626
301,29, 425.41214537620544
300,33, 426.5063807964325
300,22, 427.5999882221222
300,31, 428.68764543533325
300,29, 429.7851860523224
300,21, 430.88490748405457
300,24, 431.9840648174286
300,23, 433.08354902267456
300,34, 434.17721462249756
301,30, 435.2715253829956
300,29, 436.36595940589905
300,23, 437.4571268558502
300,35, 438.5501232147217
300,34, 439.64694356918335
300,29, 440.74618554115295
300,32, 441.8336069583893
300,27, 442.93337321281433
301,36, 444.0241553783417
300,36, 445.1155207157135
300,32, 446.20916271209717
300,35, 447.2948958873749
300,36, 448.3810701370239
300,34, 449.4712805747986
300,29, 450.5690712928772
300,30, 451.66168761253357
301,31, 452.755410194397
300,27, 453.8500921726227
300,42, 454.9431645870209
300,36, 456.03861474990845
300,36, 457.1257891654968
300,37, 458.2205638885498
300,37, 459.31881380081177
300,35, 460.4122679233551
301,25, 461.50740575790405
300,32, 462.6030840873718
300,41, 463.69215989112854
300,25, 464.78486347198486
300,23, 465.87481808662415
300,30, 466.96167063713074
300,34, 468.0583140850067
300,31, 469.14674377441406
300,32, 470.2423791885376
301,31, 471.3395390510559
300,33, 472.4273421764374
300,34, 473.5218143463135
300,34, 474.61640977859497
300,25, 475.70392370224
300,32, 476.7985665798187
300,30, 477.8969488143921
300,23, 478.99559926986694
301,31, 480.0856363773346
301,28, 481.1859838962555
300,32, 482.28417229652405
300,31, 483.37324953079224
300,23, 484.4687864780426
300,28, 485.56527638435364
300,36, 486.65936064720154
300,36, 487.75231862068176
301,29, 488.84934163093567
301,42, 489.9314670562744
300,20, 491.02084946632385
300,29, 492.1161413192749
300,31, 493.2085499763489
300,26, 494.30253052711487
300,24, 495.3965435028076
300,22, 496.4880073070526
301,24, 497.5743296146393
301,27, 498.66242575645447
300,30, 499.7535345554352
300,32, 500.8500328063965
300,38, 501.9420726299286
300,30, 503.0372292995453
300,27, 504.1315932273865
300,28, 505.2255837917328
300,26, 506.31620836257935
301,21, 507.40435671806335
300,36, 508.5043981075287
300,30, 509.59916138648987
300,28, 510.6923072338104
300,32, 511.78759241104126
300,31, 512.8761286735535
300,33, 513.9752616882324
300,36, 515.0691258907318
301,37, 516.1611182689667
300,33, 517.2538993358612
300,37, 518.3489458560944
300,28, 519.4433953762054
300,30, 520.532865524292
300,47, 521.6225459575653
300,20, 522.7204399108887
300,33, 523.8184146881104
301,32, 524.9112784862518
300,29, 526.0062417984009
300,38, 527.0985882282257
300,28, 528.191623210907
300,31, 529.2864708900452
300,32, 530.3805932998657
300,33, 531.4743478298187
300,33, 532.568473815918
301,31, 533.6619920730591
300,30, 534.7496612071991
300,30, 535.8496265411377
300,29, 536.9487633705139
300,32, 538.0488185882568
300,32, 539.1466016769409
300,35, 540.2396941184998
300,21, 541.3245732784271
300,42, 542.4118049144745
301,31, 543.5064287185669
300,33, 544.598845243454
300,36, 545.6939084529877
300,33, 546.7872343063354
300,30, 547.8751692771912
300,26, 548.9676339626312
300,36, 550.0677719116211
300,31, 551.1625483036041
301,23, 552.2635178565979
301,31, 553.3583521842957
300,34, 554.4597272872925
300,28, 555.546270608902
300,35, 556.647429227829
300,26, 557.7407257556915
300,38, 558.8332009315491
300,28, 559.9282462596893
301,34, 561.0160672664642
301,36, 562.1143503189087
300,37, 563.2089018821716
300,38, 564.2987177371979
300,26, 565.3968594074249
300,25, 566.4890077114105
300,32, 567.5772602558136
300,27, 568.6738016605377
301,38, 569.7708604335785
301,26, 570.8654406070709
300,37, 571.9583847522736
300,38, 573.051709651947
300,35, 574.1460695266724
300,38, 575.2386546134949
300,37, 576.3337180614471
310,40, 577.428103685379
301,24, 578.5210001468658
301,40, 579.6131961345673
300,25, 580.7105438709259
300,30, 581.809312582016
300,35, 582.8982496261597
300,33, 583.9894106388092
300,39, 585.0701570510864
300,37, 586.1625938415527
300,31, 587.2501449584961
301,30, 588.3519535064697
300,32, 589.4427115917206
300,27, 590.5404322147369
300,28, 591.6408853530884
300,31, 592.7403588294983
300,37, 593.8292489051819
300,27, 594.9141705036163
300,35, 596.0066432952881
301,38, 597.1000790596008
301,29, 598.2006094455719
300,26, 599.2871327400208
300,33, 600.3740613460541
300,33, 601.4666614532471
300,26, 602.55664229393
300,27, 603.6446928977966
300,32, 604.7386963367462
300,27, 605.8367710113525
301,29, 606.9279940128326
300,21, 608.0275390148163
300,30, 609.1132152080536
300,31, 610.2082669734955
300,35, 611.303144454956
300,28, 612.3965435028076
300,28, 613.4875295162201
300,33, 614.5843613147736
301,30, 615.6782236099243
300,28, 616.7711644172668
300,36, 617.8703680038452
300,17, 618.9589121341705
300,34, 620.0559995174408
300,26, 621.1455388069153
300,28, 622.2288193702698
300,29, 623.3228144645691
300,31, 624.4116275310516
301,26, 625.5095584392548
300,28, 626.5995309352875
300,21, 627.6940321922302
300,27, 628.7850315570831
300,35, 629.8809258937836
300,22, 630.9750518798828
300,19, 632.0734179019928
300,27, 633.160272359848
301,30, 634.2586121559143
301,29, 635.3491854667664
300,30, 636.4493181705475
300,30, 637.5441539287567
300,24, 638.6345691680908
300,39, 639.7244498729706
300,33, 640.8129134178162
300,18, 641.9066431522369
301,34, 642.9956800937653
301,33, 644.0952680110931
300,32, 645.1931371688843
300,32, 646.2845933437347
300,16, 647.3758544921875
300,24, 648.4711935520172
300,33, 649.5571658611298
300,39, 650.6509375572205
300,28, 651.7384233474731
301,32, 652.829528093338
300,36, 653.9278876781464
300,28, 655.0212972164154
300,37, 656.1218342781067
300,20, 657.2088506221771
300,25, 658.3023293018341
300,35, 659.3988316059113
300,34, 660.4905261993408
301,47, 661.5845251083374
300,26, 662.6746170520782
300,37, 663.7636549472809
300,38, 664.8616740703583
300,30, 665.9603116512299
300,35, 667.0535879135132
300,20, 668.1403117179871
300,30, 669.2404613494873
300,29, 670.3322603702545
310,35, 671.4267387390137
300,35, 672.5214152336121
300,34, 673.6155700683594
300,29, 674.7090921401978
300,27, 675.8028979301453
300,21, 676.896876335144
300,31, 677.9882702827454
300,26, 679.0842025279999
301,29, 680.1834194660187
301,28, 681.2720530033112
300,34, 682.362607717514
300,34, 683.459263086319
300,38, 684.5532629489899
300,31, 685.6460108757019
300,31, 686.7394185066223
300,17, 687.8330898284912
301,29, 688.9214658737183
301,33, 690.0212848186493
300,27, 691.1153471469879
300,29, 692.2091991901398
300,32, 693.3025736808777
300,36, 694.3968036174774
300,38, 695.4896886348724
300,29, 696.5835502147675
301,28, 697.6767888069153
300,32, 698.7770340442657
300,37, 699.8650872707367
300,25, 700.959353685379
300,28, 702.0545151233673
300,32, 703.1440341472626
300,32, 704.2403752803802
300,33, 705.3324632644653
309,25, 706.423415184021
301,32, 707.5196194648743
300,29, 708.612494468689
300,26, 709.7016949653625
300,33, 710.7912414073944
300,32, 711.8772664070129
300,30, 712.9646892547607
300,28, 714.0636410713196
300,33, 715.1620137691498
301,32, 716.247700214386
301,25, 717.3338313102722
300,29, 718.424382686615
300,44, 719.5210828781128
300,29, 720.6145856380463
300,31, 721.708833694458
300,26, 722.8025648593903
300,27, 723.8960995674133
300,23, 724.9900269508362
301,22, 726.086407661438
300,32, 727.1775035858154
300,36, 728.2711126804352
300,33, 729.3579685688019
300,28, 730.4485397338867
300,38, 731.5381910800934
300,19, 732.6304938793182
300,30, 733.7204868793488
301,28, 734.8135988712311
301,26, 735.9109518527985
300,25, 737.003279209137
300,24, 738.0945229530334
300,39, 739.1936039924622
300,17, 740.287299156189
300,28, 741.379435300827
300,31, 742.4735071659088
300,26, 743.5688211917877
301,37, 744.6545233726501
300,34, 745.7485466003418
300,25, 746.8326869010925
300,28, 747.9268205165863
300,29, 749.0248472690582
300,28, 750.1196763515472
300,29, 751.2203531265259
300,26, 752.3115811347961
300,31, 753.4092812538147
300,31, 754.5060691833496
300,29, 755.5994639396667
300,31, 756.6899256706238
300,35, 757.783412694931
300,35, 758.8804354667664
300,38, 759.9746737480164
300,24, 761.0731725692749
300,31, 762.1665334701538
301,31, 763.2665326595306
300,33, 764.3651642799377
300,20, 765.4610595703125
300,30, 766.5475211143494
300,29, 767.6441061496735
300,35, 768.7389245033264
300,31, 769.8276135921478
300,34, 770.9206893444061
301,33, 772.0078735351562
301,20, 773.0993077754974
300,31, 774.1930902004242
300,37, 775.2866795063019
300,26, 776.3747055530548
300,30, 777.4745903015137
300,26, 778.5677697658539
300,32, 779.6617956161499
300,32, 780.755362033844
301,25, 781.8479633331299
300,30, 782.9428322315216
300,24, 784.0368127822876
300,34, 785.1298842430115
300,24, 786.2236869335175
300,29, 787.3163826465607
300,35, 788.411139011383
300,34, 789.4989321231842
301,30, 790.5840117931366
301,31, 791.6757228374481
300,35, 792.7690279483795
300,34, 793.8663108348846
300,30, 794.9605548381805
300,33, 796.0489919185638
300,25, 797.1488509178162
300,27, 798.2473261356354
300,29, 799.3464505672455
301,28, 800.4426610469818
300,33, 801.5368411540985
300,34, 802.6303243637085
300,29, 803.7213819026947
300,30, 804.8185129165649
300,30, 805.9112584590912
300,26, 807.0052757263184
300,32, 808.0918550491333
300,32, 809.1857328414917
301,35, 810.2831907272339
300,23, 811.3795940876007
300,31, 812.4734518527985
300,30, 813.5672812461853
300,26, 814.6611685752869
300,29, 815.7558748722076
300,31, 816.8487839698792
300,27, 817.9430389404297
301,32, 819.0362575054169
300,27, 820.1297764778137
300,37, 821.2229523658752
300,35, 822.3149604797363
300,40, 823.4015588760376
300,27, 824.4896841049194
300,27, 825.5836415290833
300,32, 826.6756687164307
301,27, 827.7705609798431
300,24, 828.8646178245544
300,24, 829.9462068080902
300,30, 831.0341942310333
300,36, 832.1202249526978
300,18, 833.2141435146332
300,37, 834.3078227043152
300,27, 835.4083275794983
301,31, 836.502881526947
300,35, 837.5983195304871
300,30, 838.6926884651184
300,27, 839.7889704704285
300,26, 840.8802356719971
300,35, 841.9734065532684
300,22, 843.0673565864563
300,24, 844.161473274231
300,29, 845.254477262497
301,37, 846.3468179702759
300,37, 847.4421660900116
300,32, 848.5360136032104
300,32, 849.6300106048584
300,36, 850.7210638523102
300,32, 851.8164358139038
300,33, 852.9099473953247
300,33, 854.0060753822327
301,34, 855.0997936725616
300,25, 856.1927819252014
300,32, 857.2871744632721
300,23, 858.3816227912903
300,28, 859.4733552932739
300,29, 860.558652639389
300,20, 861.6584117412567
300,32, 862.7509250640869
301,36, 863.8357663154602
301,36, 864.9267635345459
300,31, 866.0264158248901
300,33, 867.1146550178528
300,40, 868.2071311473846
300,33, 869.3010742664337
300,24, 870.3933589458466
300,39, 871.4894993305206
301,29, 872.5811252593994
301,33, 873.6722462177277
300,30, 874.770022392273
300,34, 875.8681859970093
300,18, 876.9612600803375
300,39, 878.0501816272736
300,22, 879.1432590484619
300,35, 880.2436697483063
300,25, 881.3369383811951
301,16, 882.425354719162
300,31, 883.5185036659241
300,28, 884.6181216239929
300,36, 885.7105722427368
300,36, 886.7966313362122
300,30, 887.8942539691925
300,32, 888.9845979213715
300,32, 890.0731689929962
300,30, 891.1681108474731
301,29, 892.2631628513336
301,30, 893.3556530475616
300,35, 894.4429078102112
300,25, 895.5394823551178
300,36, 896.6243963241577
300,27, 897.7240104675293
300,33, 898.8171422481537
300,26, 899.9101719856262
301,32, 901.0038335323334
301,25, 902.097823381424
300,35, 903.1896905899048
300,32, 904.2831959724426
300,26, 905.3859133720398
300,27, 906.4788219928741
300,34, 907.5677835941315
300,32, 908.6615505218506
301,29, 909.7551176548004
301,24, 910.8487739562988
300,33, 911.9338583946228
300,23, 913.0200307369232
300,31, 914.1038298606873
300,25, 915.1927902698517
300,33, 916.2781686782837
300,30, 917.3666682243347
301,26, 918.4552528858185
300,19, 919.5470652580261
300,31, 920.6476671695709
300,34, 921.7435734272003
300,29, 922.84019947052
300,26, 923.9276957511902
300,24, 925.0194869041443
300,19, 926.1145467758179
300,29, 927.2079401016235
301,19, 928.3024446964264
300,22, 929.3955070972443
300,27, 930.4913477897644
300,34, 931.5833587646484
300,29, 932.6730959415436
300,29, 933.7631883621216
300,30, 934.8582630157471
300,39, 935.9460179805756
301,34, 937.0437002182007
301,34, 938.1383936405182
300,27, 939.2314488887787
300,28, 940.3291482925415
300,27, 941.4260492324829
300,31, 942.5211346149445
300,37, 943.6094381809235
300,37, 944.6958429813385
301,42, 945.7961006164551
301,34, 946.8875126838684
300,29, 947.9741513729095
300,29, 949.0675330162048
300,23, 950.1617767810822
300,26, 951.2423236370087
300,30, 952.3343842029572
300,27, 953.431455373764
301,30, 954.5237135887146
301,26, 955.6144027709961
300,34, 956.7051784992218
300,31, 957.8019633293152
300,41, 958.8946030139923
300,41, 959.9896607398987
300,25, 961.0826706886292
300,31, 962.1790716648102
300,28, 963.2701847553253
300,35, 964.3653755187988
300,24, 965.4532997608185
300,31, 966.5524218082428
300,25, 967.6447174549103
300,28, 968.735410451889
300,24, 969.8220012187958
300,38, 970.910489320755
300,30, 972.0053420066833
300,39, 973.0985841751099
301,31, 974.1939969062805
300,21, 975.2854151725769
300,31, 976.3862738609314
300,31, 977.4759356975555
300,38, 978.5650413036346
300,34, 979.6615993976593
300,30, 980.7539510726929
300,36, 981.8507838249207
301,36, 982.9449837207794
300,26, 984.0424547195435
300,30, 985.134626865387
300,28, 986.2304768562317
300,30, 987.3259391784668
300,24, 988.4238803386688
300,35, 989.5143642425537
300,30, 990.6060309410095
301,30, 991.70139336586
301,37, 992.7994549274445
300,38, 993.8971803188324
300,37, 994.9895739555359
300,34, 996.0828895568848
300,37, 997.1793279647827
300,44, 998.2706754207611
300,24, 999.3562109470367
301,26, 1000.4421226978302
301,28, 1001.5359263420105
300,26, 1002.630336523056
300,30, 1003.7252492904663
300,32, 1004.8173983097076
300,31, 1005.9099771976471
300,29, 1006.9969067573547
300,34, 1008.0851631164551
300,45, 1009.1708710193634
300,38, 1010.2699193954468
301,33, 1011.3683762550354
300,27, 1012.4590587615967
300,33, 1013.5509076118469
300,34, 1014.6442770957947
300,32, 1015.7363119125366
300,31, 1016.8328814506531
300,20, 1017.9318997859955
300,37, 1019.0198435783386
301,30, 1020.1153683662415
300,36, 1021.2168159484863
300,29, 1022.3178515434265
300,28, 1023.4107508659363
300,22, 1024.5030348300934
300,26, 1025.5923590660095
300,28, 1026.6793367862701
300,27, 1027.767321586609
301,29, 1028.8671634197235
301,26, 1029.9651639461517
300,27, 1031.0509877204895
300,37, 1032.1469159126282
300,31, 1033.2426586151123
300,35, 1034.3333563804626
300,34, 1035.4266798496246
300,34, 1036.5271050930023
300,32, 1037.6169395446777
301,23, 1038.7058448791504
300,25, 1039.8047280311584
300,34, 1040.8986427783966
300,30, 1041.9912207126617
300,31, 1043.0836963653564
300,31, 1044.1713922023773
300,29, 1045.2707483768463
300,26, 1046.3637204170227
300,25, 1047.457858324051
301,25, 1048.5442354679108
300,22, 1049.6329147815704
300,32, 1050.7223477363586
300,33, 1051.8172404766083
300,37, 1052.9170053005219
300,33, 1054.0101201534271
300,28, 1055.0982925891876
300,36, 1056.1908736228943
300,42, 1057.2853610515594
301,33, 1058.3801248073578
300,39, 1059.47158908844
300,34, 1060.56769657135
300,23, 1061.6610057353973
300,28, 1062.7549133300781
300,20, 1063.855618238449
300,18, 1064.947631597519
300,32, 1066.0359799861908
300,37, 1067.128078699112
301,32, 1068.2154276371002
300,40, 1069.3157184123993
300,32, 1070.4111185073853
300,34, 1071.509429216385
300,30, 1072.5980401039124
300,32, 1073.6988463401794
300,33, 1074.7954380512238
300,31, 1075.8835153579712
301,33, 1076.9828426837921
300,29, 1078.0690248012543
300,28, 1079.1629385948181
300,29, 1080.2548234462738
300,31, 1081.3500792980194
300,28, 1082.4441797733307
300,32, 1083.5401005744934
300,33, 1084.6331276893616
300,28, 1085.7207429409027
301,23, 1086.8083975315094
300,28, 1087.8960447311401
300,33, 1088.9912250041962
300,37, 1090.0821237564087
300,23, 1091.1744849681854
300,29, 1092.2677927017212
300,31, 1093.3602612018585
300,22, 1094.4478244781494
301,27, 1095.5399448871613
301,31, 1096.6269347667694
300,24, 1097.7210109233856
300,25, 1098.8149993419647
300,22, 1099.916119337082
300,34, 1101.0176372528076
300,25, 1102.1140644550323
300,29, 1103.20836353302
300,19, 1104.3087272644043
300,31, 1105.4087104797363
300,28, 1106.4941582679749
300,35, 1107.5933549404144
300,26, 1108.6929395198822
300,24, 1109.7861840724945
300,31, 1110.8715326786041
300,29, 1111.9717364311218
300,21, 1113.0692796707153
300,30, 1114.1660070419312
301,32, 1115.2587277889252
301,33, 1116.3512599468231
300,38, 1117.4441475868225
300,39, 1118.5391581058502
300,33, 1119.6279203891754
300,27, 1120.7234671115875
300,27, 1121.8184745311737
300,28, 1122.9104390144348
300,25, 1124.006910085678
301,34, 1125.0965807437897
300,39, 1126.190435409546
300,26, 1127.2813248634338
300,27, 1128.3754937648773
300,29, 1129.4733653068542
300,25, 1130.562382221222
300,34, 1131.660932302475
300,35, 1132.758427619934
301,31, 1133.8455920219421
300,42, 1134.9396967887878
300,28, 1136.0302267074585
300,36, 1137.1297624111176
300,33, 1138.2238776683807
300,27, 1139.3160576820374
300,18, 1140.4068849086761
300,31, 1141.5047841072083
300,28, 1142.6060519218445
300,34, 1143.693993806839
300,30, 1144.7839558124542
300,32, 1145.8739082813263
300,34, 1146.974113702774
300,29, 1148.0657477378845
300,34, 1149.161583662033
300,26, 1150.2500274181366
300,36, 1151.3478963375092
301,21, 1152.4425370693207
300,28, 1153.5342056751251
300,27, 1154.625411748886
300,35, 1155.7239723205566
300,30, 1156.8145287036896
300,38, 1157.9133353233337
300,33, 1159.0114946365356
300,25, 1160.1050441265106
300,31, 1161.1911211013794
301,28, 1162.285845041275
300,30, 1163.3796825408936
300,30, 1164.4734308719635
300,31, 1165.5677840709686
300,23, 1166.6613097190857
300,35, 1167.7613666057587
300,31, 1168.848385334015
300,37, 1169.9337346553802
301,31, 1171.0218880176544
300,38, 1172.120841741562
300,30, 1173.2078249454498
300,24, 1174.3024377822876
300,25, 1175.3937294483185
300,21, 1176.4945170879364
300,31, 1177.5832343101501
300,20, 1178.6756691932678
301,24, 1179.7706396579742
301,25, 1180.864663362503
300,33, 1181.9576132297516
300,30, 1183.0521550178528
300,27, 1184.144329071045
300,28, 1185.239648103714
300,30, 1186.3318614959717
300,37, 1187.4292538166046
300,26, 1188.5295629501343
301,25, 1189.6303541660309
300,33, 1190.723046541214
300,30, 1191.8230228424072
300,29, 1192.9104676246643
300,20, 1194.0049641132355
300,23, 1195.096491575241
300,28, 1196.1946058273315
300,39, 1197.2861866950989
300,32, 1198.3781671524048
301,25, 1199.4779472351074
301,20, 1200.5664863586426
300,35, 1201.6581332683563
300,29, 1202.7583956718445
300,15, 1203.8480606079102
300,31, 1204.9463326931
300,45, 1206.0321609973907
300,25, 1207.1322646141052
300,33, 1208.2304973602295
300,29, 1209.318591117859
301,29, 1210.4040446281433
300,34, 1211.5006425380707
300,34, 1212.5972998142242
300,27, 1213.6881682872772
300,30, 1214.7815971374512
300,24, 1215.879188299179
300,29, 1216.9735417366028
300,37, 1218.0659003257751
300,38, 1219.1607987880707
301,28, 1220.2545411586761
300,38, 1221.3435697555542
300,37, 1222.4426934719086
300,35, 1223.5322029590607
300,30, 1224.6295266151428
300,21, 1225.7238359451294
300,34, 1226.817040681839
300,27, 1227.9099113941193
301,24, 1229.0116636753082
301,26, 1230.0987765789032
300,32, 1231.1918849945068
300,29, 1232.2861964702606
300,30, 1233.3781733512878
300,31, 1234.469071149826
300,29, 1235.555669784546
300,24, 1236.644520521164
300,30, 1237.7394053936005
301,27, 1238.8331246376038
301,32, 1239.9267945289612
300,30, 1241.0251829624176
300,37, 1242.1133427619934
300,41, 1243.2079648971558
300,35, 1244.3010137081146
300,30, 1245.3937120437622
300,34, 1246.4881823062897
300,23, 1247.582192659378
301,35, 1248.6759152412415
300,26, 1249.7703425884247
300,19, 1250.865816116333
300,33, 1251.9577164649963
300,30, 1253.0499153137207
300,23, 1254.1405248641968
300,25, 1255.2292931079865
300,24, 1256.3168404102325
300,33, 1257.4108107089996
300,27, 1258.5046923160553
300,18, 1259.5909492969513
300,23, 1260.6877615451813
300,30, 1261.7858517169952
300,28, 1262.8794331550598
300,35, 1263.9706213474274
300,35, 1265.0666437149048
300,26, 1266.1669840812683
300,33, 1267.2543420791626
301,34, 1268.3483881950378
300,34, 1269.4366562366486
300,27, 1270.5362784862518
300,34, 1271.6295187473297
300,32, 1272.72256731987
300,34, 1273.8173911571503
300,33, 1274.9042825698853
300,32, 1275.9998157024384
301,25, 1277.0988900661469
300,31, 1278.1849973201752
300,31, 1279.285368680954
300,32, 1280.3798933029175
300,35, 1281.4687838554382
300,34, 1282.5665845870972
300,30, 1283.6681594848633
300,35, 1284.7616670131683
301,34, 1285.8502459526062
300,19, 1286.9302425384521
300,36, 1288.017896413803
300,31, 1289.116082906723
300,30, 1290.2142889499664
300,33, 1291.3057870864868
300,35, 1292.4024755954742
300,29, 1293.4944062232971
301,33, 1294.5955979824066
301,27, 1295.6908977031708
300,38, 1296.7776846885681
300,35, 1297.8735744953156
300,38, 1298.9748249053955
300,34, 1300.0685172080994
300,30, 1301.1698932647705
300,31, 1302.2641887664795
300,30, 1303.36288356781
301,27, 1304.4529230594635
300,31, 1305.5544962882996
300,20, 1306.6400673389435
300,25, 1307.726366519928
300,26, 1308.8172221183777
300,27, 1309.905062675476
300,26, 1310.9962134361267
300,30, 1312.0933351516724
300,21, 1313.1815795898438
301,24, 1314.2766880989075
300,24, 1315.3770859241486
300,29, 1316.467708349228
300,26, 1317.5624215602875
300,41, 1318.658237695694
300,24, 1319.745732307434
300,26, 1320.8441519737244
300,26, 1321.9413106441498
300,32, 1323.0363199710846
301,31, 1324.1294794082642
300,41, 1325.215586900711
300,28, 1326.3082122802734
300,28, 1327.4038898944855
300,30, 1328.497832775116
300,24, 1329.5909478664398
300,30, 1330.6905055046082
300,37, 1331.78612947464
301,30, 1332.8772234916687
301,31, 1333.9738283157349
300,34, 1335.0610580444336
300,29, 1336.1559901237488
300,24, 1337.243655204773
300,23, 1338.3383219242096
300,34, 1339.4388234615326
300,44, 1340.5355186462402
301,30, 1341.633297920227
301,27, 1342.7214698791504
300,22, 1343.810625553131
300,30, 1344.9054248332977
300,26, 1345.9979758262634
300,33, 1347.0897352695465
300,29, 1348.1858882904053
300,35, 1349.2839288711548
300,27, 1350.3831958770752
301,36, 1351.4731369018555
300,37, 1352.5736148357391
300,25, 1353.6645081043243
300,30, 1354.7550494670868
300,21, 1355.8523254394531
300,33, 1356.9431359767914
300,21, 1358.031245470047
300,31, 1359.1161754131317
300,28, 1360.1964147090912
301,31, 1361.2885811328888
301,30, 1362.3869585990906
300,24, 1363.4799814224243
300,23, 1364.5715630054474
300,25, 1365.660394668579
300,21, 1366.7536945343018
300,29, 1367.8504371643066
300,36, 1368.9505643844604
301,36, 1370.0488348007202
301,27, 1371.1446163654327
300,29, 1372.2368552684784
300,18, 1373.3251490592957
300,31, 1374.4193725585938
300,21, 1375.518188238144
300,20, 1376.6172852516174
300,26, 1377.7133173942566
300,25, 1378.808533191681
301,20, 1379.906984090805
300,31, 1381.0027360916138
300,24, 1382.0981845855713
300,31, 1383.186222076416
300,31, 1384.2857801914215
300,30, 1385.3871448040009
300,21, 1386.4729051589966
300,38, 1387.5673949718475
301,30, 1388.6566207408905
301,27, 1389.7547271251678
300,30, 1390.8425645828247
300,34, 1391.941900253296
300,36, 1393.0311951637268
300,34, 1394.1240842342377
300,24, 1395.2108845710754
300,37, 1396.3119838237762
300,32, 1397.4029014110565
301,23, 1398.4946613311768
300,45, 1399.582869052887
300,33, 1400.6781220436096
300,44, 1401.7702794075012
300,33, 1402.8634221553802
300,34, 1403.954908132553
300,30, 1405.0530798435211
300,34, 1406.1416475772858
300,34, 1407.238615989685
301,33, 1408.3352291584015
300,26, 1409.4243199825287
300,35, 1410.5197427272797
300,31, 1411.609426021576
300,30, 1412.7075021266937
300,26, 1413.800668478012
300,38, 1414.8894488811493
300,33, 1415.9892852306366
301,27, 1417.081990480423
300,27, 1418.1740708351135
300,38, 1419.2697908878326
300,22, 1420.3630669116974
300,28, 1421.45721077919
300,34, 1422.5586378574371
300,31, 1423.645075559616
300,34, 1424.7366485595703
300,34, 1425.83216714859
301,28, 1426.9269189834595
300,32, 1428.0281040668488
300,23, 1429.1295375823975
300,21, 1430.222796201706
300,21, 1431.3158655166626
300,25, 1432.4097692966461
300,35, 1433.5079834461212
300,38, 1434.595053911209
301,38, 1435.6915211677551
300,23, 1436.786033153534
300,26, 1437.8792343139648
300,31, 1438.9722230434418
300,31, 1440.0629913806915
300,35, 1441.1593551635742
300,25, 1442.2482697963715
300,36, 1443.349461555481
300,36, 1444.4416909217834
301,35, 1445.5376234054565
300,17, 1446.6291856765747
300,28, 1447.7274188995361
300,31, 1448.8170359134674
300,32, 1449.9078879356384
300,29, 1451.0045483112335
300,32, 1452.0986127853394
300,34, 1453.191555738449
300,27, 1454.288164615631
301,32, 1455.3886227607727
300,28, 1456.4892275333405
300,20, 1457.582572221756
300,25, 1458.6747071743011
300,24, 1459.7678940296173
300,29, 1460.8634192943573
300,26, 1461.9619035720825
300,30, 1463.0508108139038
300,28, 1464.1438841819763
301,36, 1465.2386765480042
301,28, 1466.3321809768677
300,28, 1467.4236254692078
300,28, 1468.5199897289276
300,24, 1469.6093044281006
300,28, 1470.7070796489716
300,32, 1471.801276922226
300,31, 1472.8926739692688
300,17, 1473.9925966262817
301,28, 1475.0823199748993
300,27, 1476.1746504306793
300,29, 1477.2696840763092
300,30, 1478.3626308441162
300,37, 1479.4576842784882
300,30, 1480.5509572029114
300,27, 1481.6449813842773
300,24, 1482.7401750087738
300,32, 1483.830862045288
301,32, 1484.9252660274506
300,25, 1486.0200695991516
300,24, 1487.1132681369781
300,33, 1488.206703901291
300,31, 1489.3060503005981
300,28, 1490.3942618370056
300,20, 1491.4877166748047
300,32, 1492.5820062160492
301,29, 1493.6765875816345
300,18, 1494.7675034999847
300,24, 1495.8613641262054
300,30, 1496.957325220108
300,27, 1498.0499546527863
300,37, 1499.1431992053986
300,26, 1500.2389028072357
300,37, 1501.3403325080872
301,27, 1502.4299404621124
301,29, 1503.5198187828064
300,29, 1504.6129777431488
300,30, 1505.7051603794098
300,27, 1506.800639629364
300,35, 1507.894526720047
300,26, 1508.986670255661
300,29, 1510.0821385383606
300,19, 1511.174619436264
300,29, 1512.2730658054352
301,27, 1513.372002363205
300,31, 1514.473387002945
300,41, 1515.5635704994202
300,33, 1516.659443616867
300,26, 1517.753970861435
300,34, 1518.844348192215
300,33, 1519.9420866966248
300,38, 1521.0330293178558
300,30, 1522.128957271576
301,23, 1523.2223041057587
300,25, 1524.3150041103363
300,31, 1525.410140991211
300,33, 1526.5035240650177
300,34, 1527.5932393074036
300,25, 1528.6920437812805
300,38, 1529.7851910591125
300,38, 1530.8790657520294
300,28, 1531.9731578826904
301,26, 1533.0660853385925
300,30, 1534.1595528125763
300,30, 1535.24964427948
300,35, 1536.3469893932343
300,23, 1537.4414868354797
300,31, 1538.5347275733948
300,30, 1539.6292562484741
300,34, 1540.7182610034943
300,40, 1541.8165838718414
301,22, 1542.9068689346313
300,37, 1544.0052089691162
300,38, 1545.096685409546
300,24, 1546.1910071372986
300,30, 1547.2852730751038
300,23, 1548.3859527111053
300,34, 1549.4726991653442
300,38, 1550.5657994747162
301,27, 1551.662544965744
300,32, 1552.7531688213348
300,15, 1553.846471786499
300,31, 1554.933990240097
300,26, 1556.0198698043823
300,27, 1557.1184394359589
300,27, 1558.2175967693329
300,41, 1559.3155739307404
300,31, 1560.4170441627502
301,20, 1561.504915714264
300,22, 1562.5933694839478
300,24, 1563.692012310028
300,22, 1564.7931878566742
300,36, 1565.8802275657654
300,32, 1566.9689490795135
300,30, 1568.066900253296
300,20, 1569.1662669181824
300,28, 1570.2566363811493
301,32, 1571.3480668067932
300,23, 1572.4412353038788
300,34, 1573.5416193008423
300,26, 1574.6293640136719
300,24, 1575.72323513031
300,34, 1576.8162262439728
300,23, 1577.9101979732513
300,30, 1578.9991767406464
300,25, 1580.0943667888641
301,23, 1581.181348323822
300,29, 1582.2753269672394
300,24, 1583.3638122081757
300,20, 1584.457373380661
300,30, 1585.5562357902527
300,23, 1586.6587235927582
300,36, 1587.753987312317
300,32, 1588.8484914302826
300,31, 1589.9402725696564
301,31, 1591.0421249866486
300,42, 1592.1291427612305
300,29, 1593.2223916053772
300,29, 1594.3157069683075
300,26, 1595.4107148647308
300,33, 1596.50395154953
300,44, 1597.597454071045
300,24, 1598.6916961669922
301,34, 1599.7845842838287
300,23, 1600.8740019798279
300,30, 1601.972904920578
300,30, 1603.068107843399
300,30, 1604.165782213211
300,33, 1605.2521603107452
300,30, 1606.3473391532898
300,26, 1607.4410820007324
301,32, 1608.5351266860962
301,30, 1609.6249239444733
300,32, 1610.722915649414
300,37, 1611.8148198127747
300,31, 1612.9083647727966
300,29, 1614.004378080368
300,35, 1615.0965440273285
300,32, 1616.1902422904968
300,24, 1617.2784731388092
300,34, 1618.3792576789856
300,28, 1619.4702897071838
300,35, 1620.5664739608765
300,26, 1621.6582808494568
300,28, 1622.7470610141754
300,33, 1623.8474357128143
300,17, 1624.9417152404785
300,29, 1626.03489279747
300,36, 1627.1292464733124
301,21, 1628.2163319587708
301,24, 1629.3030805587769
300,25, 1630.390150308609
300,34, 1631.4869666099548
300,35, 1632.582835674286
300,26, 1633.67551779747
300,29, 1634.769984960556
300,25, 1635.8637499809265
300,31, 1636.9524776935577
301,35, 1638.050809621811
300,27, 1639.1401903629303
300,30, 1640.238136768341
300,38, 1641.3334770202637
300,33, 1642.4259898662567
300,47, 1643.5195360183716
300,37, 1644.612710237503
300,19, 1645.7059698104858
300,36, 1646.8009576797485
301,22, 1647.9010367393494
300,26, 1648.988584280014
300,21, 1650.0831418037415
300,36, 1651.1718378067017
300,39, 1652.270944595337
300,28, 1653.3588333129883
300,32, 1654.4570949077606
300,38, 1655.5526316165924
301,30, 1656.6417815685272
300,26, 1657.7424347400665
300,26, 1658.8432919979095
300,27, 1659.9411001205444
300,27, 1661.037585258484
300,33, 1662.1290936470032
300,30, 1663.2269513607025
300,28, 1664.316345691681
300,32, 1665.4093172550201
301,29, 1666.5028042793274
300,29, 1667.5935759544373
300,30, 1668.6915106773376
300,36, 1669.7854328155518
300,32, 1670.8789694309235
300,25, 1671.9729490280151
300,26, 1673.0627999305725
300,33, 1674.1590049266815
300,29, 1675.2539710998535
301,26, 1676.3481168746948
300,36, 1677.4361410140991
300,24, 1678.5238926410675
300,28, 1679.610946893692
300,29, 1680.6986677646637
300,32, 1681.7854998111725
300,31, 1682.8788626194
300,42, 1683.971603155136
300,33, 1685.0672838687897
301,26, 1686.1661522388458
300,37, 1687.254378080368
300,43, 1688.3475050926208
300,31, 1689.4417006969452
300,28, 1690.5295357704163
300,28, 1691.6287891864777
300,31, 1692.7180497646332
300,28, 1693.8161380290985
301,33, 1694.9180316925049
301,28, 1696.0180864334106
300,28, 1697.1088523864746
300,27, 1698.197942495346
300,31, 1699.2890877723694
300,23, 1700.3782601356506
300,25, 1701.4769616127014
300,25, 1702.5656099319458
300,30, 1703.6587536334991
301,22, 1704.7607305049896
301,26, 1705.8475856781006
300,32, 1706.9409909248352
300,30, 1708.0265221595764
300,22, 1709.1128602027893
300,31, 1710.2069709300995
300,36, 1711.296154975891
300,30, 1712.394659280777
300,41, 1713.4839038848877
301,25, 1714.58198928833
300,34, 1715.6720201969147
300,27, 1716.769030570984
300,39, 1717.863261461258
300,39, 1718.9501061439514
300,20, 1720.050681591034
300,26, 1721.1447534561157
300,30, 1722.2410979270935
300,20, 1723.3312683105469
301,30, 1724.427628993988
300,29, 1725.5194318294525
300,23, 1726.6178741455078
300,30, 1727.7073385715485
300,22, 1728.7984628677368
300,34, 1729.894183397293
300,25, 1730.988401889801
300,32, 1732.0854811668396
300,36, 1733.1750044822693
301,30, 1734.269706249237
300,35, 1735.3580203056335
300,40, 1736.443764448166
300,26, 1737.5309565067291
300,26, 1738.6288430690765
300,27, 1739.72274684906
300,24, 1740.8158450126648
300,28, 1741.9061317443848
300,33, 1743.0035343170166
301,28, 1744.0959770679474
300,32, 1745.1860287189484
300,26, 1746.2854442596436
300,38, 1747.3771905899048
300,29, 1748.4714648723602
300,26, 1749.56614112854
300,27, 1750.6563260555267
300,28, 1751.7454197406769
301,27, 1752.8468973636627
300,36, 1753.9418125152588
300,35, 1755.0348200798035
300,29, 1756.1336092948914
300,28, 1757.2230324745178
300,24, 1758.3103048801422
300,28, 1759.410228729248
300,17, 1760.5017902851105
300,29, 1761.5977461338043
301,26, 1762.6915740966797
301,26, 1763.7854855060577
300,31, 1764.8790426254272
300,27, 1765.972172498703
300,27, 1767.0692729949951
300,36, 1768.1604347229004
300,22, 1769.2618424892426
300,27, 1770.3618776798248
300,23, 1771.4558391571045
301,26, 1772.5496640205383
301,32, 1773.6434185504913
300,28, 1774.7379474639893
300,28, 1775.831523656845
300,27, 1776.925760269165
300,32, 1778.0204968452454
300,25, 1779.111167192459
300,34, 1780.2124314308167
300,32, 1781.2997756004333
300,27, 1782.3893582820892
301,23, 1783.4880847930908
300,30, 1784.581874847412
300,30, 1785.6760272979736
300,25, 1786.764881849289
300,29, 1787.8624050617218
300,33, 1788.95450258255
300,25, 1790.0441148281097
300,25, 1791.1347332000732
300,24, 1792.2229640483856
301,36, 1793.3160712718964
301,23, 1794.4092891216278
300,33, 1795.50088429451
300,28, 1796.5971071720123
300,36, 1797.6907052993774
300,24, 1798.7851657867432
300,28, 1799.8779134750366
300,31, 1800.9714345932007
300,35, 1802.061919927597
301,29, 1803.1589612960815
300,34, 1804.2494592666626
300,28, 1805.347443819046
300,36, 1806.448409795761
300,26, 1807.546356678009
300,32, 1808.6401381492615
300,34, 1809.7372789382935
300,25, 1810.8313930034637
301,26, 1811.9253878593445
301,20, 1813.0175006389618
300,22, 1814.1127471923828
300,31, 1815.2127885818481
300,34, 1816.3004004955292
300,39, 1817.3944170475006
300,34, 1818.4947328567505
300,29, 1819.5970168113708
300,25, 1820.6910109519958
301,26, 1821.7831165790558
301,33, 1822.8784232139587
300,39, 1823.9698448181152
300,23, 1825.0663414001465
300,29, 1826.1595368385315
300,37, 1827.2532713413239
300,36, 1828.3465275764465
300,31, 1829.4397685527802
300,29, 1830.5348601341248
301,34, 1831.627739906311
301,31, 1832.7224638462067
300,30, 1833.8156154155731
300,26, 1834.909645318985
300,28, 1836.0071709156036
300,37, 1837.0977518558502
300,26, 1838.1999220848083
300,22, 1839.2903826236725
300,29, 1840.3777012825012
301,23, 1841.471167564392
300,32, 1842.5659630298615
300,28, 1843.6592423915863
300,26, 1844.7570312023163
300,29, 1845.8466715812683
300,34, 1846.9398076534271
300,30, 1848.0364413261414
300,25, 1849.1238346099854
300,30, 1850.2222270965576
300,30, 1851.3156883716583
301,29, 1852.4070658683777
300,33, 1853.5034408569336
300,36, 1854.590929031372
300,35, 1855.6904158592224
300,9, 1856.7848682403564
300,29, 1857.8774847984314
300,28, 1858.9779071807861
300,30, 1860.0675554275513
301,26, 1861.158144235611
301,30, 1862.2535383701324
300,33, 1863.3459162712097
300,32, 1864.4415273666382
300,29, 1865.5312676429749
300,33, 1866.6283359527588
300,27, 1867.7197823524475
300,33, 1868.814605474472
300,34, 1869.9080395698547
301,30, 1870.9955885410309
301,27, 1872.0970513820648
300,32, 1873.1894354820251
300,23, 1874.2847089767456
300,23, 1875.3782413005829
300,31, 1876.4702596664429
300,32, 1877.565809249878
300,27, 1878.6581938266754
300,30, 1879.75372838974
301,28, 1880.8447668552399
301,23, 1881.9413831233978
300,33, 1883.0347096920013
300,26, 1884.1342067718506
300,28, 1885.2217869758606
300,34, 1886.3162443637848
300,33, 1887.4039640426636
300,27, 1888.4896013736725
300,24, 1889.5803606510162
301,26, 1890.6752932071686
301,26, 1891.7671835422516
300,30, 1892.8630595207214
300,27, 1893.9576618671417
300,28, 1895.050756931305
300,31, 1896.1398949623108
300,27, 1897.2383351325989
300,37, 1898.3300063610077
300,29, 1899.4247143268585
301,25, 1900.519212961197
301,42, 1901.6125183105469
300,26, 1902.7037901878357
300,31, 1903.7998871803284
300,33, 1904.8937385082245
300,32, 1905.9879913330078
300,35, 1907.0818357467651
300,24, 1908.174667596817
300,35, 1909.268013715744
300,27, 1910.363344669342
300,30, 1911.45459151268
300,27, 1912.5427660942078
300,22, 1913.6438887119293
300,28, 1914.7376523017883
300,28, 1915.8315620422363
300,23, 1916.9188580513
300,28, 1918.018965959549
300,30, 1919.1124455928802
300,32, 1920.2066283226013
301,24, 1921.3070516586304
300,34, 1922.3940324783325
300,27, 1923.4869644641876
300,34, 1924.5803093910217
300,24, 1925.6756546497345
300,31, 1926.7687301635742
300,32, 1927.862645149231
300,28, 1928.963546037674
300,31, 1930.0505938529968
301,31, 1931.1414568424225
300,24, 1932.2305381298065
300,28, 1933.3311111927032
300,33, 1934.4249439239502
300,26, 1935.5145008563995
300,29, 1936.6129760742188
300,38, 1937.705759048462
300,35, 1938.8005020618439
301,31, 1939.898044347763
301,29, 1940.9873399734497
300,31, 1942.0817546844482
300,24, 1943.182341337204
300,32, 1944.284173488617
300,28, 1945.3774318695068
300,35, 1946.4676609039307
300,28, 1947.569079399109
300,25, 1948.6578693389893
300,30, 1949.751326084137
301,22, 1950.8471438884735
300,29, 1951.9279644489288
300,16, 1953.0245203971863
300,32, 1954.1131875514984
300,23, 1955.2059121131897
300,30, 1956.2991421222687
300,34, 1957.3942799568176
300,18, 1958.4875583648682
301,24, 1959.5801966190338
301,26, 1960.6748270988464
300,18, 1961.7645545005798
300,29, 1962.858600139618
300,31, 1963.946489572525
300,37, 1965.0364515781403
300,22, 1966.126311302185
300,40, 1967.219357252121
300,27, 1968.316116809845
300,37, 1969.403825044632
301,31, 1970.5034499168396
300,33, 1971.6045198440552
300,30, 1972.7048826217651
300,26, 1973.8001689910889
300,33, 1974.8989083766937
300,33, 1975.9878950119019
300,29, 1977.0860533714294
300,40, 1978.1743021011353
300,31, 1979.2685573101044
301,36, 1980.3629186153412
300,40, 1981.4561715126038
300,34, 1982.5427763462067
300,30, 1983.6435301303864
300,33, 1984.7319107055664
300,22, 1985.8295238018036
300,26, 1986.9263865947723
300,25, 1988.0149929523468
301,28, 1989.1138095855713
301,39, 1990.206642627716
300,28, 1991.3003437519073
300,29, 1992.3942568302155
300,24, 1993.4820020198822
300,28, 1994.579888343811
300,29, 1995.6750242710114
300,27, 1996.7675313949585
300,30, 1997.862547159195
301,35, 1998.955447435379
301,28, 2000.0459458827972
300,25, 2001.1472523212433
300,28, 2002.2362112998962
300,28, 2003.3339657783508
300,36, 2004.425120830536
300,34, 2005.5191504955292
300,29, 2006.6078894138336
300,21, 2007.7052822113037
301,23, 2008.7999358177185
300,32, 2009.8902351856232
300,31, 2010.9889597892761
300,31, 2012.0785665512085
300,27, 2013.1751115322113
300,23, 2014.2655565738678
300,25, 2015.3623116016388
300,31, 2016.4535460472107
300,25, 2017.5492050647736
301,23, 2018.6419434547424
300,28, 2019.7370066642761
300,36, 2020.8312253952026
300,37, 2021.9272949695587
300,23, 2023.0133664608002
300,40, 2024.1128206253052
300,25, 2025.2050368785858
300,32, 2026.2973334789276
300,34, 2027.393867969513
301,21, 2028.486268043518
300,30, 2029.5809845924377
300,19, 2030.6805500984192
300,24, 2031.768070936203
300,34, 2032.8555674552917
300,31, 2033.9567503929138
300,28, 2035.056217432022
300,26, 2036.1440196037292
300,28, 2037.2338464260101
300,37, 2038.3217384815216
301,37, 2039.409292459488
300,31, 2040.4989411830902
300,28, 2041.585664987564
300,31, 2042.6731050014496
300,31, 2043.7727823257446
300,27, 2044.8706593513489
300,25, 2045.9559841156006
300,28, 2047.0562372207642
300,36, 2048.143918991089
301,29, 2049.23686337471
300,22, 2050.330265045166
300,26, 2051.4192507267
300,39, 2052.50501704216
300,30, 2053.596524477005
300,35, 2054.688716173172
300,35, 2055.782694339752
300,21, 2056.8786091804504
301,37, 2057.9767229557037
301,32, 2059.0653614997864
300,22, 2060.157868385315
300,29, 2061.25302529335
300,33, 2062.3459379673004
300,29, 2063.4405496120453
300,28, 2064.5346105098724
300,25, 2065.628114461899
300,36, 2066.720350265503
301,33, 2067.8157255649567
301,28, 2068.908299922943
300,26, 2070.0033695697784
300,36, 2071.09112739563
300,20, 2072.188121318817
300,28, 2073.2846341133118
300,25, 2074.3806762695312
300,26, 2075.470572948456
300,29, 2076.565892457962
300,30, 2077.65905046463
301,32, 2078.7515008449554
300,35, 2079.847044944763
300,34, 2080.9400181770325
300,28, 2082.030212879181
300,29, 2083.124116420746
300,27, 2084.222179174423
300,33, 2085.318458557129
300,28, 2086.40732216835
301,38, 2087.502635240555
300,35, 2088.5967648029327
300,34, 2089.6903245449066
300,26, 2090.781930923462
300,34, 2091.8778314590454
300,29, 2092.96968626976
300,19, 2094.0680706501007
300,36, 2095.1592104434967
300,35, 2096.2534267902374
301,20, 2097.3404569625854
300,28, 2098.441240787506
300,33, 2099.534198284149
300,28, 2100.628021001816
300,39, 2101.720941066742
300,40, 2102.8197705745697
300,29, 2103.9085924625397
300,34, 2105.0021934509277
300,40, 2106.0970373153687
301,33, 2107.1973826885223
300,30, 2108.284116268158
300,27, 2109.3733711242676
300,29, 2110.4718408584595
300,32, 2111.562949180603
300,29, 2112.6592309474945
300,27, 2113.752634048462
300,36, 2114.843871116638
301,34, 2115.9409873485565
301,38, 2117.035987138748
300,35, 2118.1277434825897
300,40, 2119.2218391895294
300,38, 2120.3183977603912
300,35, 2121.409358739853
300,25, 2122.503150701523
300,29, 2123.5965144634247
300,23, 2124.690623521805
301,38, 2125.7814950942993
300,36, 2126.878124475479
300,29, 2127.965132713318
300,32, 2129.063992023468
300,28, 2130.164585828781
300,26, 2131.2532086372375
300,35, 2132.3465390205383
300,26, 2133.4408724308014
301,33, 2134.532126426697
301,33, 2135.6284437179565
300,30, 2136.7215836048126
300,36, 2137.815305709839
300,41, 2138.915465116501
300,37, 2140.0029129981995
300,27, 2141.0969853401184
300,29, 2142.190114736557
300,18, 2143.2842762470245
300,39, 2144.377152442932
300,21, 2145.4718589782715
300,24, 2146.565016269684
300,29, 2147.6585121154785
300,34, 2148.751617193222
300,32, 2149.8458411693573
300,25, 2150.9404640197754
300,22, 2152.034024000168
300,32, 2153.125952243805
300,29, 2154.226586818695
301,20, 2155.3195612430573
300,34, 2156.4185791015625
300,31, 2157.518290758133
300,35, 2158.611878156662
300,24, 2159.7074081897736
300,37, 2160.8057627677917
300,33, 2161.90566778183
300,40, 2163.002505302429
301,32, 2164.0956616401672
301,26, 2165.1900918483734
300,30, 2166.290520429611
300,31, 2167.377627849579
300,28, 2168.471427679062
300,25, 2169.5657074451447
300,36, 2170.654472351074
300,25, 2171.7530024051666
300,37, 2172.8451750278473
301,36, 2173.9391672611237
300,32, 2175.0412304401398
300,26, 2176.1276392936707
300,30, 2177.2208862304688
300,31, 2178.307268857956
300,30, 2179.409330844879
300,33, 2180.498609304428
300,39, 2181.5991175174713
301,36, 2182.6905238628387
301,27, 2183.7831132411957
300,31, 2184.8768122196198
300,25, 2185.971460342407
300,30, 2187.064748764038
300,21, 2188.162262916565
300,32, 2189.2524361610413
300,27, 2190.346508741379
300,20, 2191.4362869262695
301,38, 2192.538366794586
301,34, 2193.627419948578
300,24, 2194.714756011963
300,28, 2195.8145780563354
300,22, 2196.9083795547485
300,23, 2198.0036585330963
300,22, 2199.091284275055
300,29, 2200.189992427826
300,30, 2201.2841458320618
300,34, 2202.3827333450317
300,30, 2203.4714708328247
300,32, 2204.5648953914642
300,28, 2205.6549541950226
300,27, 2206.748764514923
300,25, 2207.850456237793
300,28, 2208.9398550987244
300,27, 2210.033178806305
300,30, 2211.127841234207
300,25, 2212.2203640937805
301,37, 2213.3149695396423
300,25, 2214.4151318073273
300,32, 2215.5058977603912
300,31, 2216.5956983566284
300,31, 2217.6858282089233
300,35, 2218.783681869507
300,26, 2219.877149581909
300,34, 2220.970584154129
301,31, 2222.070997953415
300,24, 2223.158678293228
300,29, 2224.252842903137
300,27, 2225.3462092876434
300,29, 2226.4406774044037
300,30, 2227.5325548648834
300,35, 2228.6279089450836
300,34, 2229.7205259799957
301,33, 2230.814270734787
301,35, 2231.910215854645
300,33, 2233.002110719681
300,31, 2234.0959877967834
300,32, 2235.1900193691254
300,26, 2236.284098625183
300,41, 2237.381182909012
300,26, 2238.471673488617
300,32, 2239.565067052841
301,30, 2240.659248828888
300,28, 2241.748876810074
300,23, 2242.8457312583923
300,31, 2243.9330558776855
300,27, 2245.018432855606
300,35, 2246.1099557876587
300,23, 2247.2057197093964
300,35, 2248.2989253997803
300,26, 2249.393342256546
301,35, 2250.489527463913
300,21, 2251.580565929413
300,26, 2252.6749403476715
300,29, 2253.770206451416
300,25, 2254.8617646694183
300,37, 2255.955953836441
300,34, 2257.049209833145
300,26, 2258.1435067653656
300,28, 2259.233171224594
301,27, 2260.3307962417603
300,24, 2261.424312353134
300,27, 2262.519688844681
300,31, 2263.6123769283295
300,26, 2264.707819700241
300,33, 2265.797428369522
300,20, 2266.892704963684
300,32, 2267.987381219864
300,31, 2269.080387353897
301,26, 2270.1700842380524
300,32, 2271.2681839466095
300,36, 2272.3622760772705
300,35, 2273.4556007385254
300,35, 2274.553156375885
300,17, 2275.6419632434845
300,31, 2276.7304713726044
300,38, 2277.8284304142
301,31, 2278.9230830669403
300,19, 2280.0185546875
300,26, 2281.1117300987244
300,29, 2282.204389810562
300,29, 2283.297322511673
300,30, 2284.3932135105133
300,25, 2285.4821016788483
300,24, 2286.580830812454
301,28, 2287.676892518997
301,34, 2288.768072128296
300,31, 2289.8621134757996
300,35, 2290.955376625061
300,31, 2292.047454357147
300,34, 2293.1356992721558
300,25, 2294.234348297119
300,24, 2295.3304319381714
300,22, 2296.4261178970337
301,30, 2297.5141236782074
300,22, 2298.6119866371155
300,27, 2299.7061252593994
300,34, 2300.798926115036
300,29, 2301.8929398059845
300,14, 2302.987203836441
300,32, 2304.0789930820465
300,26, 2305.1742520332336
300,25, 2306.267643213272
300,26, 2307.3687987327576
300,16, 2308.456141233444
300,17, 2309.549243211746
300,23, 2310.6434559822083
300,32, 2311.7370223999023
300,33, 2312.8300416469574
300,32, 2313.920342206955
300,26, 2315.0183098316193
300,30, 2316.105682373047
301,28, 2317.2062056064606
300,27, 2318.293528318405
300,36, 2319.392858505249
300,25, 2320.4872097969055
300,26, 2321.587281227112
300,28, 2322.674062013626
300,27, 2323.767064332962
300,33, 2324.861300468445
300,30, 2325.9555130004883
301,27, 2327.048747062683
300,30, 2328.148502588272
300,20, 2329.2499690055847
300,18, 2330.346538066864
300,31, 2331.439744949341
300,18, 2332.526994228363
300,25, 2333.627718925476
300,24, 2334.720865011215
301,21, 2335.8185517787933
300,18, 2336.9076070785522
300,31, 2337.9960181713104
300,30, 2339.0840265750885
300,39, 2340.1830582618713
300,28, 2341.2838954925537
300,25, 2342.381678581238
300,27, 2343.472484111786
300,20, 2344.5635492801666
301,21, 2345.658612728119
300,23, 2346.7474653720856
300,30, 2347.8455369472504
300,29, 2348.9378383159637
300,33, 2350.0301439762115
300,26, 2351.129247903824
300,37, 2352.2214205265045
300,33, 2353.323376893997
309,26, 2354.4106402397156
300,29, 2355.4981043338776
300,24, 2356.5980665683746
300,25, 2357.6897027492523
300,23, 2358.784130334854
300,23, 2359.8756058216095
300,24, 2360.9707894325256
300,18, 2362.065046310425
300,31, 2363.158411026001
301,27, 2364.2465002536774
300,30, 2365.3466930389404
300,29, 2366.436556816101
300,26, 2367.524160861969
300,30, 2368.611490726471
300,25, 2369.705843448639
300,37, 2370.7990634441376
300,34, 2371.892526626587
301,32, 2372.986270904541
301,42, 2374.079654932022
300,33, 2375.1742837429047
300,36, 2376.2677352428436
300,25, 2377.362196445465
300,26, 2378.455257177353
300,36, 2379.54846906662
300,30, 2380.643352508545
300,28, 2381.7342994213104
301,33, 2382.8297770023346
300,26, 2383.930852174759
300,16, 2385.0180308818817
300,21, 2386.111514568329
300,41, 2387.205555677414
300,35, 2388.298929452896
300,34, 2389.4004254341125
300,29, 2390.4871954917908
301,30, 2391.58717417717
301,34, 2392.6735866069794
300,30, 2393.7688114643097
300,28, 2394.85945892334
300,40, 2395.956032037735
300,27, 2397.056184053421
300,31, 2398.1430768966675
300,27, 2399.236437559128
300,31, 2400.329788208008
301,28, 2401.419132232666
300,22, 2402.505052804947
300,28, 2403.5960500240326
300,31, 2404.6882350444794
300,26, 2405.7877531051636
300,31, 2406.8774621486664
300,35, 2407.9702701568604
300,32, 2409.0648233890533
300,30, 2410.154102563858
301,24, 2411.2404668331146
301,28, 2412.3411486148834
300,39, 2413.440034389496
300,32, 2414.529160261154
300,25, 2415.625652551651
300,30, 2416.7166016101837
300,28, 2417.8132739067078
300,34, 2418.9029178619385
300,37, 2420.00110411644
301,31, 2421.0962331295013
300,31, 2422.1895282268524
300,25, 2423.282380580902
300,27, 2424.376195907593
300,18, 2425.462419271469
300,22, 2426.5539724826813
300,29, 2427.6431341171265
300,27, 2428.736319065094
301,29, 2429.8307597637177
301,28, 2430.9193699359894
300,26, 2432.0175397396088
300,30, 2433.1089193820953
300,31, 2434.205671072006
300,27, 2435.298735141754
300,24, 2436.39213848114
300,37, 2437.48668050766
300,29, 2438.580141544342
301,25, 2439.6738069057465
301,21, 2440.7680325508118
300,25, 2441.860167980194
300,27, 2442.955254793167
300,20, 2444.0480325222015
300,30, 2445.1427924633026
300,32, 2446.2327842712402
300,30, 2447.330095052719
300,20, 2448.4242610931396
301,34, 2449.5184903144836
301,28, 2450.610246658325
300,29, 2451.7051565647125
300,28, 2452.798611164093
300,32, 2453.89182639122
300,29, 2454.9867231845856
300,29, 2456.0850501060486
300,32, 2457.1734426021576
300,24, 2458.2676105499268
300,24, 2459.3613662719727
300,26, 2460.460487127304
300,28, 2461.5487582683563
300,22, 2462.649861574173
300,35, 2463.7367684841156
300,34, 2464.827745437622
300,24, 2465.924055337906
300,22, 2467.0101432800293
300,22, 2468.0957107543945
300,31, 2469.19016122818
301,27, 2470.2833490371704
300,35, 2471.375481367111
300,30, 2472.472054719925
300,26, 2473.5645620822906
300,34, 2474.6541678905487
300,39, 2475.752505540848
300,28, 2476.8441338539124
300,30, 2477.9407000541687
300,31, 2479.028730869293
301,25, 2480.1275882720947
300,29, 2481.2207872867584
300,24, 2482.3144104480743
300,32, 2483.408573627472
300,26, 2484.501608610153
300,43, 2485.593916654587
300,26, 2486.68661570549
300,36, 2487.783856868744
301,25, 2488.875079870224
301,26, 2489.971167087555
300,29, 2491.0644879341125
300,24, 2492.163202047348
300,33, 2493.2521612644196
300,30, 2494.3449313640594
300,33, 2495.4389655590057
300,33, 2496.532332420349
300,34, 2497.6268503665924
301,29, 2498.718487739563
300,32, 2499.8149604797363
300,34, 2500.9034972190857
300,22, 2502.0022537708282
300,26, 2503.0957775115967
300,26, 2504.1902153491974
300,32, 2505.2897186279297
300,25, 2506.3768231868744
301,25, 2507.471658706665
301,36, 2508.5648424625397
300,33, 2509.6585862636566
300,28, 2510.751835823059
300,21, 2511.8436856269836
300,27, 2512.9345438480377
300,37, 2514.0334510803223
300,28, 2515.1264476776123
300,30, 2516.2206904888153
300,45, 2517.3140177726746
301,22, 2518.4075860977173
300,33, 2519.500610113144
300,26, 2520.5958771705627
300,35, 2521.688989639282
300,24, 2522.782977581024
300,31, 2523.876437664032
300,31, 2524.9766595363617
300,33, 2526.0642652511597
300,30, 2527.157881259918
301,32, 2528.2506585121155
300,31, 2529.3408834934235
300,29, 2530.428611278534
300,36, 2531.516528367996
300,31, 2532.6132974624634
300,31, 2533.701812982559
300,34, 2534.79891872406
300,34, 2535.8925993442535
300,20, 2536.9866456985474
301,38, 2538.0790798664093
300,30, 2539.173407793045
300,37, 2540.263243198395
300,34, 2541.360778093338
300,36, 2542.4493255615234
300,36, 2543.5458562374115
300,33, 2544.6426770687103
300,32, 2545.736862897873
301,34, 2546.8279654979706
301,40, 2547.9219179153442
300,30, 2549.0161397457123
300,28, 2550.1108162403107
300,31, 2551.197863340378
300,26, 2552.2988204956055
300,30, 2553.3991436958313
300,32, 2554.485678911209
300,31, 2555.578138589859
301,29, 2556.674179792404
300,27, 2557.7750005722046
300,26, 2558.866234064102
300,30, 2559.9665307998657
300,32, 2561.064703941345
300,34, 2562.1583199501038
300,34, 2563.251387357712
300,31, 2564.3458518981934
300,41, 2565.434231519699
301,34, 2566.534707546234
300,20, 2567.6270327568054
300,30, 2568.720943212509
300,36, 2569.8141639232635
300,34, 2570.907736301422
300,32, 2571.9979107379913
300,32, 2573.09569811821
300,36, 2574.1898379325867
300,20, 2575.2832844257355
301,30, 2576.3851461410522
300,32, 2577.4866700172424
300,28, 2578.5779099464417
300,21, 2579.673807144165
300,33, 2580.766274213791
300,38, 2581.86199259758
300,33, 2582.955602169037
300,26, 2584.057152748108
300,28, 2585.1567797660828
301,40, 2586.245539665222
300,29, 2587.346143722534
300,23, 2588.439413547516
300,23, 2589.539533138275
300,18, 2590.6274075508118
300,31, 2591.720791578293
300,31, 2592.8141918182373
300,25, 2593.908144712448
301,29, 2594.9945254325867
301,31, 2596.084020137787
300,27, 2597.1738607883453
300,20, 2598.26620721817
300,30, 2599.3603703975677
300,31, 2600.447974920273
300,28, 2601.5488324165344
300,27, 2602.642153978348
300,36, 2603.7315907478333
301,23, 2604.8297958374023
300,25, 2605.9225890636444
300,38, 2607.017578125
300,30, 2608.1110830307007
300,29, 2609.205612897873
300,28, 2610.2985410690308
300,23, 2611.3919751644135
300,31, 2612.4859907627106
301,39, 2613.5758492946625
301,22, 2614.6741631031036
300,26, 2615.766485929489
300,31, 2616.860966205597
300,34, 2617.9551713466644
300,26, 2619.0487229824066
300,22, 2620.141296863556
300,21, 2621.2319207191467
300,32, 2622.3304102420807
301,27, 2623.4222116470337
300,21, 2624.5172638893127
300,30, 2625.610524892807
300,27, 2626.704916238785
300,25, 2627.799283027649
300,34, 2628.8927624225616
300,22, 2629.985867500305
300,34, 2631.078073501587
300,32, 2632.1726112365723
300,27, 2633.266985654831
301,34, 2634.3605494499207
300,31, 2635.454931974411
300,29, 2636.549132347107
300,27, 2637.6423058509827
300,23, 2638.736667394638
300,28, 2639.8300490379333
300,27, 2640.9210455417633
300,34, 2642.0172126293182
301,41, 2643.11066198349
300,24, 2644.20476770401
300,27, 2645.297681570053
300,31, 2646.3926141262054
300,32, 2647.483734846115
300,37, 2648.580406188965
300,41, 2649.6734099388123
300,28, 2650.7673618793488
300,31, 2651.8605530261993
301,32, 2652.958956003189
300,27, 2654.0484602451324
300,25, 2655.145484685898
300,25, 2656.2347049713135
300,20, 2657.3324897289276
300,33, 2658.422855615616
300,29, 2659.517511367798
300,40, 2660.6109693050385
301,28, 2661.7051873207092
300,21, 2662.799640417099
300,27, 2663.887717962265
300,26, 2664.9797241687775
300,38, 2666.080135345459
300,29, 2667.1735174655914
300,23, 2668.267411470413
300,39, 2669.3608725070953
300,23, 2670.454856157303
301,30, 2671.555163860321
300,24, 2672.6422255039215
300,29, 2673.7364394664764
300,36, 2674.8299787044525
300,33, 2675.9233570098877
300,34, 2677.0108466148376
300,40, 2678.1114180088043
300,32, 2679.204162836075
300,17, 2680.2988040447235
301,32, 2681.3922090530396
300,39, 2682.4858016967773
300,31, 2683.580062150955
300,28, 2684.6722524166107
300,31, 2685.7674477100372
300,31, 2686.8584423065186
300,42, 2687.9500074386597
300,23, 2689.0491518974304
300,34, 2690.142802476883
301,30, 2691.2349557876587
300,33, 2692.326178789139
300,28, 2693.423414707184
300,40, 2694.5167882442474
300,34, 2695.6099977493286
300,29, 2696.705322742462
300,33, 2697.797141313553
300,23, 2698.8928015232086
301,31, 2699.9879858493805
301,30, 2701.079552412033
300,38, 2702.1737761497498
300,24, 2703.2626235485077
300,17, 2704.3617475032806
300,33, 2705.4548411369324
300,20, 2706.5471608638763
300,34, 2707.641946554184
300,34, 2708.735033273697
301,21, 2709.8363189697266
300,33, 2710.926182746887
300,22, 2712.0256452560425
300,32, 2713.1139130592346
300,35, 2714.216215133667
300,37, 2715.3135302066803
300,31, 2716.408088207245
300,32, 2717.499333381653
301,33, 2718.591151237488
301,37, 2719.6896142959595
300,36, 2720.7857053279877
300,30, 2721.874027490616
300,38, 2722.9703528881073
300,26, 2724.064112663269
300,25, 2725.1569950580597
300,24, 2726.246293067932
300,28, 2727.3455078601837
301,22, 2728.4388375282288
300,30, 2729.52530837059
300,23, 2730.610472202301
300,31, 2731.7007994651794
300,22, 2732.795479774475
300,25, 2733.896171569824
300,21, 2734.985529899597
300,29, 2736.081630706787
300,23, 2737.173570871353
300,32, 2738.2656412124634
301,27, 2739.361213684082
300,31, 2740.4549565315247
300,28, 2741.547985315323
300,31, 2742.64150929451
300,28, 2743.736213207245
300,19, 2744.829412460327
300,35, 2745.922379016876
300,22, 2747.0171325206757
300,34, 2748.111299753189
301,20, 2749.197465658188
300,35, 2750.298431634903
300,39, 2751.3919639587402
300,29, 2752.4850685596466
300,27, 2753.5787279605865
300,35, 2754.665591478348
300,25, 2755.7656207084656
300,32, 2756.860991716385
301,30, 2757.9542248249054
300,33, 2759.047310590744
300,30, 2760.1421270370483
300,32, 2761.230904817581
300,28, 2762.3207104206085
309,33, 2763.4125747680664
300,33, 2764.5012447834015
300,29, 2765.5956411361694
300,29, 2766.688982486725
301,28, 2767.7823457717896
300,28, 2768.871302127838
300,29, 2769.9705934524536
300,26, 2771.0639050006866
300,27, 2772.157767534256
300,18, 2773.2493901252747
300,28, 2774.345372438431
300,25, 2775.437063217163
301,21, 2776.532639503479
300,27, 2777.6263988018036
300,40, 2778.724390029907
300,33, 2779.8131532669067
300,27, 2780.903228521347
300,26, 2782.0031673908234
300,28, 2783.0940318107605
300,25, 2784.1878612041473
300,22, 2785.2802641391754
300,27, 2786.376915693283
300,24, 2787.4708771705627
300,29, 2788.5640149116516
300,26, 2789.656828403473
300,35, 2790.7531478405
300,31, 2791.8418560028076
300,31, 2792.933005332947
300,26, 2794.03439617157
300,28, 2795.1256663799286
301,32, 2796.2197704315186
300,26, 2797.31569314003
300,30, 2798.407918691635
300,29, 2799.503091812134
300,27, 2800.5935547351837
300,32, 2801.689130306244
300,34, 2802.782589197159
300,33, 2803.8752167224884
300,24, 2804.9700858592987
301,26, 2806.0630865097046
300,31, 2807.1580679416656
300,32, 2808.251498937607
300,19, 2809.3451821804047
300,25, 2810.4385125637054
300,23, 2811.5321910381317
300,37, 2812.6266989707947
300,25, 2813.719973564148
301,30, 2814.8135011196136
300,32, 2815.9068007469177
300,34, 2817.0015320777893
300,27, 2818.094743013382
300,45, 2819.1870477199554
300,40, 2820.2822000980377
300,26, 2821.376477956772
300,30, 2822.469601392746
300,29, 2823.563673019409
301,30, 2824.6557388305664
300,25, 2825.7449033260345
300,29, 2826.842786550522
300,19, 2827.9388139247894
300,35, 2829.031069278717
300,29, 2830.1289341449738
300,22, 2831.220494747162
300,35, 2832.312969684601
300,31, 2833.410744667053
301,29, 2834.5009667873383
300,29, 2835.5879232883453
300,29, 2836.68918967247
300,29, 2837.7826273441315
300,27, 2838.8697435855865
300,30, 2839.969401359558
300,23, 2841.0604434013367
300,29, 2842.1535110473633
300,25, 2843.2488536834717
301,27, 2844.3390827178955
300,24, 2845.4391644001007
300,23, 2846.5328390598297
300,38, 2847.6264519691467
300,29, 2848.7203345298767
300,22, 2849.813771724701
300,27, 2850.906489610672
300,28, 2851.9985296726227
300,36, 2853.0948991775513
301,24, 2854.1890199184418
300,23, 2855.282351255417
300,21, 2856.37663769722
300,30, 2857.4691531658173
300,35, 2858.562331676483
300,31, 2859.655862569809
300,30, 2860.751740694046
300,31, 2861.8450858592987
300,33, 2862.9384338855743
301,22, 2864.031875371933
300,35, 2865.126316547394
300,35, 2866.2223019599915
300,32, 2867.3096594810486
300,33, 2868.407749891281
300,28, 2869.5014293193817
300,37, 2870.594310760498
300,25, 2871.682961463928
300,23, 2872.782263994217
301,33, 2873.8764123916626
300,30, 2874.969441175461
300,39, 2876.0592443943024
300,26, 2877.1506724357605
300,26, 2878.238141775131
300,25, 2879.3285801410675
300,37, 2880.423471212387
300,29, 2881.516756296158
300,27, 2882.6099910736084
301,33, 2883.703299999237
300,27, 2884.794157266617
300,27, 2885.890662431717
300,30, 2886.9856522083282
300,34, 2888.0868334770203
300,25, 2889.1735060214996
300,35, 2890.2667076587677
300,31, 2891.359011888504
300,37, 2892.4603543281555
301,26, 2893.5483615398407
300,21, 2894.6383311748505
300,28, 2895.728262901306
300,28, 2896.8289794921875
300,32, 2897.922023534775
300,31, 2899.00958776474
300,28, 2900.108296394348
300,29, 2901.204935312271
300,32, 2902.2978734970093
301,35, 2903.3871777057648
300,32, 2904.4853298664093
300,27, 2905.5799124240875
300,35, 2906.672628879547
300,34, 2907.769145488739
300,25, 2908.8604753017426
300,24, 2909.960982322693
300,29, 2911.048151731491
300,25, 2912.139477968216
301,30, 2913.235425233841
300,37, 2914.328376531601
300,26, 2915.423553466797
300,30, 2916.5154943466187
300,24, 2917.6110887527466
300,26, 2918.704896211624
300,27, 2919.79976439476
300,37, 2920.8894472122192
300,39, 2921.9904959201813
301,31, 2923.088918209076
300,35, 2924.18901348114
300,39, 2925.281822681427
300,36, 2926.3751175403595
300,34, 2927.464400291443
300,28, 2928.563210248947
300,31, 2929.657725572586
300,35, 2930.751523256302
301,27, 2931.8447325229645
300,32, 2932.9381844997406
300,32, 2934.0307989120483
300,25, 2935.11714220047
300,31, 2936.204680919647
300,32, 2937.2955112457275
300,36, 2938.3922498226166
300,33, 2939.4841334819794
301,38, 2940.579064130783
301,29, 2941.6736538410187
300,39, 2942.767735481262
300,33, 2943.8552412986755
300,40, 2944.95409488678
300,26, 2946.047376394272
300,28, 2947.141741514206
300,25, 2948.2353298664093
300,21, 2949.329137802124
301,32, 2950.422465324402
301,35, 2951.516154050827
300,36, 2952.610566139221
300,29, 2953.703857421875
300,31, 2954.798006296158
300,33, 2955.8918600082397
300,18, 2956.985458612442
300,29, 2958.078706741333
300,31, 2959.1732697486877
300,31, 2960.2654769420624
301,29, 2961.360855102539
300,23, 2962.454092502594
300,29, 2963.5476331710815
300,27, 2964.6418418884277
300,31, 2965.7413794994354
300,32, 2966.827518939972
300,24, 2967.9226858615875
300,31, 2969.017014980316
300,21, 2970.1106250286102
301,24, 2971.203989982605
300,39, 2972.2970662117004
300,24, 2973.3919174671173
300,22, 2974.4904267787933
300,31, 2975.5793685913086
300,33, 2976.6735401153564
300,21, 2977.770750284195
300,29, 2978.860527276993
300,30, 2979.9537315368652
301,30, 2981.0478665828705
300,28, 2982.146012067795
300,24, 2983.233249425888
300,32, 2984.320545196533
300,24, 2985.4070570468903
300,31, 2986.5005877017975
300,31, 2987.594099521637
300,30, 2988.689332962036
300,21, 2989.7810802459717
301,22, 2990.8710289001465
300,23, 2991.9698328971863
300,24, 2993.0610070228577
300,26, 2994.1578962802887
300,28, 2995.251234769821
300,30, 2996.352201461792
300,32, 2997.438290119171
300,33, 2998.531758546829
301,28, 2999.6258409023285
301,25, 3000.7199835777283
300,38, 3001.8099343776703
300,29, 3002.9068043231964
300,34, 3003.9947516918182
300,28, 3005.0953686237335
300,26, 3006.1890664100647
300,21, 3007.280859231949
300,27, 3008.3764209747314
300,21, 3009.469268798828
301,24, 3010.564160823822
300,32, 3011.6578121185303
300,25, 3012.7509644031525
300,31, 3013.8439843654633
300,30, 3014.9390637874603
300,25, 3016.0281302928925
300,21, 3017.126215696335
300,27, 3018.2184085845947
300,28, 3019.307806968689
301,29, 3020.4071848392487
300,27, 3021.5016913414
300,32, 3022.5944941043854
300,31, 3023.688938140869
300,27, 3024.78196310997
300,30, 3025.872364282608
300,34, 3026.9689378738403
300,33, 3028.0639972686768
300,27, 3029.1567442417145
301,35, 3030.2513077259064
301,34, 3031.3447766304016
300,27, 3032.4391598701477
300,25, 3033.532857656479
300,22, 3034.6234419345856
300,20, 3035.719559431076
300,33, 3036.813346385956
300,29, 3037.9011895656586
300,31, 3039.0007684230804
300,26, 3040.0942170619965
301,31, 3041.1834268569946
300,31, 3042.2813291549683
300,35, 3043.3749780654907
300,30, 3044.4700980186462
300,28, 3045.5630538463593
300,30, 3046.6561686992645
300,23, 3047.7511837482452
300,33, 3048.8433339595795
301,28, 3049.938377380371
300,22, 3051.032642364502
300,24, 3052.1252138614655
300,28, 3053.220074415207
300,25, 3054.319489955902
310,26, 3055.40541267395
300,29, 3056.5013427734375
300,24, 3057.5944862365723
300,21, 3058.6890161037445
301,22, 3059.782191514969
300,28, 3060.8742139339447
300,25, 3061.9752910137177
300,21, 3063.06347489357
300,19, 3064.155612707138
300,31, 3065.2507598400116
300,28, 3066.34578871727
300,27, 3067.4373939037323
301,32, 3068.52814078331
301,29, 3069.6256670951843
300,23, 3070.7189104557037
300,32, 3071.8135294914246
300,25, 3072.9071848392487
300,22, 3073.9957268238068
300,18, 3075.094395160675
300,29, 3076.188755273819
300,28, 3077.281729221344
300,20, 3078.376169681549
300,36, 3079.464522600174
300,32, 3080.563599586487
300,31, 3081.6565594673157
300,30, 3082.7501516342163
300,32, 3083.8446254730225
300,35, 3084.93438577652
300,30, 3086.032237768173
300,25, 3087.129066467285
301,28, 3088.219838142395
300,24, 3089.3130605220795
300,25, 3090.4070098400116
300,29, 3091.498209953308
300,33, 3092.5947976112366
300,24, 3093.688197374344
300,31, 3094.7808043956757
300,30, 3095.873856306076
300,23, 3096.9694843292236
301,29, 3098.06249833107
300,28, 3099.155708551407
300,35, 3100.2506499290466
300,27, 3101.344557762146
300,26, 3102.4387040138245
300,25, 3103.5317842960358
300,34, 3104.625269174576
300,40, 3105.7188379764557
300,25, 3106.8059079647064
301,39, 3107.90500831604
300,33, 3108.999585866928
300,31, 3110.0992987155914
300,25, 3111.1861901283264
300,26, 3112.28151011467
300,46, 3113.3752427101135
300,32, 3114.470039129257
300,31, 3115.56334233284
301,30, 3116.656795978546
301,35, 3117.751165151596
300,21, 3118.844277381897
300,34, 3119.9385907649994
300,32, 3121.031847715378
300,27, 3122.125673532486
300,31, 3123.218656539917
300,29, 3124.3130798339844
300,33, 3125.4070315361023
301,30, 3126.500297307968
300,30, 3127.5945999622345
300,24, 3128.6874392032623
300,31, 3129.7818195819855
300,35, 3130.875256538391
300,30, 3131.9688432216644
300,30, 3133.0659584999084
300,27, 3134.1572499275208
300,23, 3135.250524520874
300,22, 3136.342706680298
300,36, 3137.430708169937
300,28, 3138.5311489105225
300,27, 3139.6262435913086
300,28, 3140.719747543335
300,30, 3141.814284801483
300,27, 3142.913228750229
300,35, 3144.0004494190216
300,25, 3145.094797849655
301,28, 3146.1868047714233
301,21, 3147.282334089279
300,40, 3148.382414340973
300,30, 3149.4700875282288
300,31, 3150.56320476532
300,27, 3151.6554882526398
300,32, 3152.7506511211395
300,27, 3153.8450322151184
300,25, 3154.937999010086
301,28, 3156.0315239429474
300,36, 3157.1251051425934
300,24, 3158.2209973335266
300,32, 3159.3115463256836
300,25, 3160.4006571769714
300,16, 3161.50102686882
300,25, 3162.592264890671
300,25, 3163.6821842193604
301,24, 3164.78089594841
301,31, 3165.8820989131927
300,28, 3166.969293832779
300,27, 3168.05858707428
300,21, 3169.1572268009186
300,20, 3170.2505259513855
300,33, 3171.3506088256836
300,29, 3172.43830370903
300,18, 3173.531362771988
301,29, 3174.62486076355
300,23, 3175.7226979732513
300,25, 3176.8230559825897
300,20, 3177.9232094287872
300,30, 3179.0113623142242
300,22, 3180.110477924347
300,28, 3181.2033228874207
300,15, 3182.2905173301697
300,30, 3183.391043663025
301,35, 3184.485328435898
300,30, 3185.5792973041534
300,28, 3186.672438621521
300,27, 3187.766876935959
300,32, 3188.8600113391876
300,31, 3189.9536340236664
300,39, 3191.047115087509
300,30, 3192.1396012306213
300,27, 3193.234444141388
301,24, 3194.3272371292114
300,27, 3195.4231662750244
300,29, 3196.5162482261658
300,35, 3197.610561132431
300,18, 3198.7025504112244
300,22, 3199.8013956546783
300,40, 3200.891914129257
300,21, 3201.985601902008
300,34, 3203.0787534713745
301,31, 3204.1715705394745
300,27, 3205.265359401703
300,32, 3206.359055519104
300,26, 3207.453716278076
300,29, 3208.5473988056183
300,27, 3209.6412405967712
300,42, 3210.73531293869
300,18, 3211.8282103538513
300,21, 3212.9216408729553
301,31, 3214.0165379047394
300,24, 3215.109140396118
300,27, 3216.2041454315186
300,32, 3217.2971708774567
300,23, 3218.390953540802
300,25, 3219.484893798828
300,24, 3220.57737326622
300,15, 3221.664071083069
301,40, 3222.7661652565002
301,24, 3223.859200000763
300,22, 3224.945239305496
300,33, 3226.0343823432922
300,24, 3227.1244978904724
300,23, 3228.2197580337524
300,23, 3229.315170288086
300,28, 3230.4063889980316
300,31, 3231.5008401870728
301,42, 3232.594081878662
300,35, 3233.688688993454
300,35, 3234.7792007923126
300,29, 3235.8751142024994
300,38, 3236.9698424339294
300,27, 3238.0633249282837
300,30, 3239.1568398475647
300,32, 3240.2466390132904
300,28, 3241.3440902233124
301,26, 3242.432321548462
300,35, 3243.532174348831
300,17, 3244.6271681785583
300,30, 3245.7136533260345
300,33, 3246.812311887741
300,30, 3247.9074499607086
300,32, 3249.0009014606476
300,32, 3250.09406208992
300,23, 3251.187559604645
301,24, 3252.28218793869
301,25, 3253.3754959106445
300,26, 3254.4694776535034
300,27, 3255.5662581920624
300,23, 3256.656829595566
300,34, 3257.756927013397
300,29, 3258.857650756836
300,21, 3259.952390432358
300,31, 3261.0469920635223
301,22, 3262.1469197273254
300,22, 3263.235196352005
300,20, 3264.3283636569977
300,33, 3265.415755748749
300,34, 3266.516471862793
300,30, 3267.6051812171936
300,33, 3268.7028710842133
300,34, 3269.797435283661
300,25, 3270.8861141204834
301,30, 3271.986093521118
300,24, 3273.0743713378906
300,21, 3274.1727855205536
300,20, 3275.265942335129
300,21, 3276.3612711429596
300,22, 3277.4510679244995
300,23, 3278.5387086868286
300,24, 3279.6395058631897
300,29, 3280.734703540802
301,24, 3281.8290646076202
300,26, 3282.921764612198
300,24, 3284.0161015987396
300,38, 3285.1089503765106
300,26, 3286.2027938365936
300,26, 3287.295732021332
300,30, 3288.388789653778
300,31, 3289.4846663475037
300,26, 3290.5759270191193
301,21, 3291.6764364242554
300,34, 3292.7635848522186
300,25, 3293.8578991889954
300,29, 3294.9535236358643
300,27, 3296.048548936844
300,25, 3297.139078617096
300,26, 3298.2351837158203
300,20, 3299.3314158916473
300,32, 3300.422781944275
301,28, 3301.515770673752
300,28, 3302.607076883316
300,33, 3303.7066605091095
300,22, 3304.8085718154907
300,34, 3305.906129837036
300,35, 3307.0001122951508
300,33, 3308.0947265625
300,34, 3309.187469959259
300,21, 3310.274757862091
301,36, 3311.375169277191
300,35, 3312.467391014099
300,42, 3313.5618336200714
300,27, 3314.655118227005
300,29, 3315.750241279602
300,41, 3316.8481929302216
300,36, 3317.9383318424225
300,29, 3319.030471086502
300,33, 3320.1275708675385
301,32, 3321.215443611145
300,38, 3322.304697036743
300,29, 3323.4067454338074
300,23, 3324.5006017684937
300,25, 3325.5930230617523
300,26, 3326.6877975463867
300,33, 3327.781898021698
300,29, 3328.8748955726624
301,26, 3329.9693746566772
301,24, 3331.062350988388
300,37, 3332.154314994812
300,18, 3333.2504284381866
300,24, 3334.343419313431
300,28, 3335.4426176548004
300,22, 3336.531578063965
300,24, 3337.623866081238
300,26, 3338.7245094776154
301,29, 3339.81324839592
301,27, 3340.9064474105835
300,34, 3342.000677585602
300,22, 3343.0915360450745
300,32, 3344.1921825408936
300,28, 3345.280689239502
300,28, 3346.3706970214844
300,38, 3347.46933221817
300,32, 3348.562566280365
301,36, 3349.6563353538513
300,35, 3350.7498757839203
300,31, 3351.8434092998505
300,29, 3352.939209461212
300,30, 3354.039841890335
300,26, 3355.136239528656
300,31, 3356.220773935318
300,25, 3357.312974214554
300,23, 3358.3992071151733
301,27, 3359.4886362552643
300,29, 3360.5785784721375
300,36, 3361.6727390289307
300,32, 3362.7653839588165
300,33, 3363.860204219818
300,32, 3364.9508786201477
300,34, 3366.0472571849823
300,24, 3367.140639066696
300,39, 3368.233539581299
301,32, 3369.3284225463867
300,30, 3370.421807527542
300,27, 3371.5158245563507
300,23, 3372.6096942424774
300,36, 3373.702212572098
300,33, 3374.796450853348
300,23, 3375.890259742737
300,29, 3376.9846546649933
300,27, 3378.0775101184845
301,37, 3379.1712522506714
300,26, 3380.267252922058
300,24, 3381.3595201969147
300,30, 3382.4590413570404
300,28, 3383.5470497608185
300,24, 3384.635950565338
300,31, 3385.7346534729004
300,24, 3386.8279128074646
300,26, 3387.9272677898407
301,22, 3389.016356945038
300,14, 3390.109373807907
300,25, 3391.201724052429
300,25, 3392.297383069992
300,27, 3393.391457796097
300,33, 3394.4811148643494
300,33, 3395.5783853530884
300,33, 3396.6708178520203
301,19, 3397.766096830368
300,31, 3398.8593299388885
300,29, 3399.957019329071
300,38, 3401.046237230301
300,19, 3402.141100883484
300,23, 3403.2321853637695
300,34, 3404.3282482624054
300,22, 3405.4224038124084
300,32, 3406.5162403583527
301,28, 3407.613993167877
300,30, 3408.703788757324
300,24, 3409.7967569828033
300,30, 3410.889624118805
300,28, 3411.983820438385
300,31, 3413.078259706497
300,28, 3414.171443939209
300,41, 3415.271697998047
300,20, 3416.3599824905396
300,34, 3417.455909729004
300,40, 3418.5472848415375
300,28, 3419.6384139060974
300,26, 3420.7290811538696
300,21, 3421.828306913376
300,28, 3422.9214057922363
300,25, 3424.015921354294
300,26, 3425.1083698272705
300,31, 3426.1986804008484
301,33, 3427.29744553566
300,27, 3428.390444993973
300,26, 3429.4835035800934
300,26, 3430.573813199997
300,23, 3431.671147584915
300,39, 3432.766098022461
300,29, 3433.859301328659
300,32, 3434.951449394226
301,33, 3436.0505435466766
301,29, 3437.1414172649384
300,23, 3438.2346665859222
300,28, 3439.335236310959
300,28, 3440.4270870685577
300,40, 3441.516131401062
300,25, 3442.6094295978546
300,29, 3443.7026250362396
300,30, 3444.7930409908295
301,10, 3445.8913295269012
300,22, 3446.9847240448
300,21, 3448.0788683891296
300,25, 3449.1718983650208
300,30, 3450.261655330658
300,22, 3451.3588247299194
300,31, 3452.4534797668457
300,27, 3453.5469782352448
300,27, 3454.6445083618164
301,23, 3455.7345061302185
300,28, 3456.828038215637
300,32, 3457.9215433597565
300,28, 3459.016059398651
300,33, 3460.10945892334
300,29, 3461.199226617813
300,24, 3462.2972359657288
300,24, 3463.3900496959686
300,21, 3464.4844052791595
301,35, 3465.5706984996796
300,21, 3466.656177520752
300,24, 3467.7428464889526
300,39, 3468.8347096443176
300,30, 3469.9355957508087
300,30, 3471.031823158264
300,22, 3472.1270129680634
300,29, 3473.217268228531
300,30, 3474.3054563999176
301,21, 3475.405788421631
300,29, 3476.4988322257996
300,28, 3477.5938606262207
300,34, 3478.686895608902
300,39, 3479.7810876369476
300,42, 3480.8747849464417
300,23, 3481.963401556015
300,25, 3483.0623018741608
300,26, 3484.1545820236206
301,35, 3485.249342441559
300,30, 3486.3430194854736
300,35, 3487.435663461685
300,30, 3488.53119969368
300,27, 3489.625243663788
300,32, 3490.7215373516083
300,33, 3491.811775445938
300,24, 3492.9061851501465
301,39, 3494.000474214554
301,31, 3495.0882647037506
300,23, 3496.1874964237213
300,29, 3497.2807343006134
300,23, 3498.375454187393
300,24, 3499.464825153351
300,26, 3500.5605704784393
300,28, 3501.654893875122
301,20, 3502.742563009262
301,36, 3503.8435633182526
300,33, 3504.937970161438
300,29, 3506.0329797267914
300,30, 3507.123771429062
300,30, 3508.2190029621124
300,33, 3509.312412261963
300,25, 3510.4052600860596
300,38, 3511.495418548584
301,32, 3512.5936114788055
301,45, 3513.683807373047
300,30, 3514.781357526779
300,33, 3515.874473810196
300,27, 3516.970814228058
300,25, 3518.061900138855
300,26, 3519.156363248825
300,16, 3520.2484319210052
300,28, 3521.3420720100403
301,24, 3522.43763422966
300,22, 3523.528505086899
300,18, 3524.6261422634125
300,25, 3525.7226746082306
300,24, 3526.8140699863434
300,25, 3527.9058973789215
300,26, 3528.995263338089
300,36, 3530.0928654670715
300,25, 3531.187567949295
300,39, 3532.2806725502014
301,31, 3533.3748643398285
300,30, 3534.4684641361237
300,28, 3535.5626578330994
300,29, 3536.6547496318817
300,33, 3537.7499203681946
300,25, 3538.8455979824066
300,31, 3539.936091184616
300,27, 3541.0269298553467
301,39, 3542.1248075962067
300,11, 3543.2190029621124
300,31, 3544.3128731250763
300,22, 3545.402148962021
300,36, 3546.5004992485046
300,36, 3547.593327522278
300,20, 3548.687621831894
300,31, 3549.786600112915
300,35, 3550.874840736389
301,26, 3551.9695847034454
300,31, 3553.0614850521088
300,24, 3554.1560382843018
300,29, 3555.2481667995453
300,25, 3556.3418867588043
300,22, 3557.4379498958588
300,20, 3558.5308544635773
300,33, 3559.619150161743
300,30, 3560.716959953308
301,26, 3561.8149120807648
300,23, 3562.8979275226593
300,29, 3563.9855122566223
300,21, 3565.080976963043
300,30, 3566.167237997055
300,29, 3567.2556924819946
300,34, 3568.34388756752
300,34, 3569.433718919754
301,25, 3570.5295820236206
301,32, 3571.629312515259
300,29, 3572.7191684246063
300,27, 3573.8110661506653
300,32, 3574.90540266037
300,28, 3576.000072479248
300,30, 3577.0990512371063
300,21, 3578.1865866184235
300,26, 3579.281709909439
300,27, 3580.373697042465
300,32, 3581.4689531326294
300,25, 3582.5622324943542
300,21, 3583.6504456996918
300,25, 3584.7498502731323
300,28, 3585.8514618873596
300,29, 3586.9379065036774
300,35, 3588.031375646591
300,27, 3589.1245517730713
301,24, 3590.2179656028748
301,36, 3591.3187642097473
